1.198133589468397019e-09,1.101005752876949294e-04,6.796166949155448815e-08,7.297818568979336706e-04,1.130498786516028753e-01,-2.929605366003631255e-08,1.782460349059358014e-08,9.749128168164348188e-07,2.542907200041076042e-05,4.050469101700123606e-06
1.198125317047043087e-09,1.100998151067283741e-04,6.796120025542681505e-08,7.297768181751486307e-04,1.130490981073977441e-01,-2.929585138768369959e-08,1.782448042198767723e-08,9.749060856057625197e-07,2.542889642733603875e-05,4.050441135547279885e-06
6.720708668132158469e-10,6.175888041254737782e-05,3.812184094223416066e-08,4.093576287829208630e-04,6.341323756078175167e-02,-1.643307920800631531e-08,9.998381502550371975e-09,5.468593048591913420e-07,1.426396740045866204e-05,2.272035692937689082e-06
1.195569066632854643e-09,1.098649125519085811e-04,6.781620219568308154e-08,7.282198088480083212e-04,1.128079031340932098e-01,-2.923334746494852698e-08,1.778645114841077293e-08,9.728260827465737661e-07,2.537464281454623947e-05,4.041799350182200565e-06
1.008328588639968348e-09,9.265874745865999558e-05,5.719537026788503785e-08,6.141718388075943997e-04,9.514083036205300825e-02,-2.465505407694303571e-08,1.500087923310103610e-08,8.204698318020579958e-07,2.140066892872520153e-05,3.408805018528206857e-06
1.198058817548118598e-09,1.100937042413354994e-04,6.795742820779624857e-08,7.297363134031979595e-04,1.130428235480749055e-01,-2.929422538128008864e-08,1.782349111060281058e-08,9.748519754344234407e-07,2.542748504837044905e-05,4.050216324083816576e-06
1.028390649970311043e-09,9.450231858740849986e-05,5.833334953283244712e-08,6.263916183877276484e-04,9.703378588790764758e-02,-2.514559973097601681e-08,1.529934201852047470e-08,8.367941890311934369e-07,2.182646418772657380e-05,3.476627805777682815e-06
1.197843731271528535e-09,1.100739392309917428e-04,6.794522788007797248e-08,7.296053045877345152e-04,1.130225290853523329e-01,-2.928896621889961212e-08,1.782029127743713866e-08,9.746769612543586247e-07,2.542292007793494737e-05,4.049489192881432345e-06
1.185952092669823891e-09,1.089811760677939222e-04,6.727069908006274597e-08,7.223621205416536377e-04,1.119004936857038723e-01,-2.899819890743823128e-08,1.764337966691892459e-08,9.650008191382738720e-07,2.517053308464500455e-05,4.009287736926791551e-06
8.037684362280059339e-10,7.386101850801055698e-05,4.559211534575893095e-08,4.895744740506622217e-04,7.583955994413045520e-02,-1.965327025713958610e-08,1.195764295396757655e-08,6.540206844370882400e-07,1.705910393979372309e-05,2.717258947149514086e-06
1.089537302158456785e-09,1.001212926667667969e-04,6.180176791543502835e-08,6.636359772548856145e-04,1.028032774292379631e-01,-2.664072149317475975e-08,1.620901923616239342e-08,8.865487868887577351e-07,2.312423484931559699e-05,3.683343173360674009e-06
9.579840125350547476e-10,8.803241293261977914e-05,5.433967748703857972e-08,5.835070126500331838e-04,9.039056856365694503e-02,-2.342405828813810319e-08,1.425190423159869321e-08,7.795048067553535706e-07,2.033216049038817524e-05,3.238607678478988563e-06
1.198112691128821019e-09,1.100986548681105872e-04,6.796048407612195415e-08,7.297691277421902104e-04,1.130479067890544503e-01,-2.929554266620139808e-08,1.782429258651758331e-08,9.748958119855195777e-07,2.542862845606275142e-05,4.050398451749673073e-06
1.196467078193673211e-09,1.099474338920414463e-04,6.786714005890001073e-08,7.287667867060122328e-04,1.128926350027851799e-01,-2.925530511232968874e-08,1.779981084397582293e-08,9.735567883940799999e-07,2.539370212549284998e-05,4.044835212052727850e-06
1.181148741767263698e-09,1.085397797975205949e-04,6.699823885579292748e-08,7.194364047685418732e-04,1.114472735761696531e-01,-2.888075021304696308e-08,1.757192033549136161e-08,9.610923665251971064e-07,2.506858722733986555e-05,3.993049293579188121e-06
1.188599983949903359e-09,1.092244998138257539e-04,6.742089527989231801e-08,7.239749482198240072e-04,1.121503354316718132e-01,-2.906294357840732242e-08,1.768277227936922428e-08,9.671553895210566473e-07,2.522673167435341744e-05,4.018239327892020516e-06
7.108706623633410269e-10,6.532432574240338782e-05,4.032267973408162328e-08,4.329905417508260706e-04,6.707419174586123911e-02,-1.738178885309625889e-08,1.057560509203669061e-08,5.784304237262097039e-07,1.508745052731358575e-05,2.403204182336098282e-06
7.983197584662241883e-10,7.336032095524800398e-05,4.528305027950325559e-08,4.862556903944959658e-04,7.532545002751053764e-02,-1.952004241219098692e-08,1.187658311097054792e-08,6.495871339287340508e-07,1.694346172733153996e-05,2.698838880211060181e-06
1.198122817444671733e-09,1.100995854097551132e-04,6.796105847061107620e-08,7.297752956700823829e-04,1.130488622574497698e-01,-2.929579026888539685e-08,1.782444323546562055e-08,9.749040516970148946e-07,2.542884337601586256e-05,4.050432685269063495e-06
1.180456680101244396e-09,1.084761838944985562e-04,6.695898307778352734e-08,7.190148707658606999e-04,1.113819741070197905e-01,-2.886382833064422542e-08,1.756162455136823345e-08,9.605292408485948048e-07,2.505389897714087593e-05,3.990709676011228819e-06
9.809469668400008548e-10,9.014255699460320978e-05,5.564220395382001028e-08,5.974937229633308505e-04,9.255723780694914693e-02,-2.398553486088751530e-08,1.459352352935988099e-08,7.981896000544004866e-07,2.081952402271490470e-05,3.316237366615187670e-06
6.741331441297802260e-10,6.194839009740417835e-05,3.823881939156589557e-08,4.106137596374014238e-04,6.360782370913185824e-02,-1.648350479281506110e-08,1.002906195068947562e-08,5.485373653070587980e-07,1.430773697576202834e-05,2.279007528652258465e-06
1.091165020425933300e-09,1.002708692408906926e-04,6.189409689435020852e-08,6.646274186685870947e-04,1.029568607643808059e-01,-2.668052149721986299e-08,1.623323476018007712e-08,8.878732497158396691e-07,2.315878138518094213e-05,3.688845917467541183e-06
1.150655725993105720e-09,1.057376727466022081e-04,6.526858510260537947e-08,7.008631422628502916e-04,1.085701054846553437e-01,-2.813515303237495841e-08,1.711827650129425835e-08,9.362804155349888022e-07,2.442140639504656064e-05,3.889963110789102073e-06
1.171988645903785256e-09,1.076980273976843659e-04,6.647865121293176175e-08,7.138570004121558028e-04,1.105829728546927071e-01,-2.865677296851732081e-08,1.743564581807734177e-08,9.536388613909870260e-07,2.487417423425584051e-05,3.962082224806754453e-06
1.171115157498266200e-09,1.076177595737955135e-04,6.642910437538176063e-08,7.133249595811819730e-04,1.105005548679878213e-01,-2.863541494682054643e-08,1.742265095288128876e-08,9.529281100612803160e-07,2.485563540039732131e-05,3.959129267116270834e-06
1.195338992142804944e-09,1.098437702235938060e-04,6.780315169230962784e-08,7.280796707281447571e-04,1.127861944586920767e-01,-2.922772181964022845e-08,1.778302833596774722e-08,9.726388727633600589e-07,2.536975973571065294e-05,4.041021549091213661e-06
9.531220759592883383e-10,8.758563302534611321e-05,5.406389411066421221e-08,5.805456124075467853e-04,8.993182060371864017e-02,-2.330517709152751434e-08,1.417957332257384979e-08,7.755486833948806389e-07,2.022897121639290595e-05,3.222171177534795204e-06
1.144523532128426191e-09,1.051741645717112455e-04,6.492074898787430532e-08,6.971280296971391543e-04,1.079915024153784708e-01,-2.798521225607712832e-08,1.702704800630326147e-08,9.312906928142262946e-07,2.429125730259468845e-05,3.869232315831971602e-06
1.009101185358087072e-09,9.272974400184846432e-05,5.723919423148023716e-08,6.146424266222905424e-04,9.521372871495595303e-02,-2.467394515479155421e-08,1.501237313518311539e-08,8.210984882802212447e-07,2.141706644711965552e-05,3.411416896838206812e-06
6.279509263193044522e-10,5.770454884824008525e-05,3.561922784450383170e-08,3.824842213574942843e-04,5.925030117138826297e-02,-1.535428452638760689e-08,9.342010249590604492e-09,5.109592217275789055e-07,1.332757002930132488e-05,2.122881660941367855e-06
1.193318951660940875e-09,1.096581418252977889e-04,6.768856904076330483e-08,7.268492662834135113e-04,1.125955935663096319e-01,-2.917832898492436593e-08,1.775297624416373463e-08,9.709951801287756745e-07,2.532688659092230155e-05,4.034192501288952652e-06
1.192549787889680771e-09,1.095874607472856405e-04,6.764493980403482678e-08,7.263807694728885043e-04,1.125230191290611664e-01,-2.915952184746134796e-08,1.774153341394634236e-08,9.703693170151600208e-07,2.531056193306160582e-05,4.031592228567262035e-06
1.185398165172771411e-09,1.089302737839173738e-04,6.723927867935962549e-08,7.220247239099765978e-04,1.118482278642011635e-01,-2.898465460000869223e-08,1.763513890137801841e-08,9.645500922567221942e-07,2.515877658075481622e-05,4.007415102496779630e-06
1.197359677760825298e-09,1.100294579056479557e-04,6.791777093788071086e-08,7.293104681246021740e-04,1.129768562228878337e-01,-2.927713042884369193e-08,1.781309002544624384e-08,9.742830903406660622e-07,2.541264657280670186e-05,4.047852777872365097e-06
1.198060463265076140e-09,1.100938554718705386e-04,6.795752155771393001e-08,7.297373158075939935e-04,1.130429788296762050e-01,-2.929426562137745335e-08,1.782351559389288825e-08,9.748533145426571916e-07,2.542751997690878218e-05,4.050221887675176821e-06
1.196214807944499264e-09,1.099242519198422052e-04,6.785283054663224689e-08,7.286131291735796272e-04,1.128688320468316797e-01,-2.924913674945129716e-08,1.779605782577858540e-08,9.733515178788526543e-07,2.538834796600162569e-05,4.043982374891212876e-06
1.197971063425178848e-09,1.100856402161679899e-04,6.795245053522937573e-08,7.296828624630421166e-04,1.130345435089901984e-01,-2.929207966938525055e-08,1.782218559470724380e-08,9.747805705260440950e-07,2.542562256331020457e-05,4.049919658197276429e-06
8.442372439605597790e-10,7.757983505044488577e-05,4.788762542911898907e-08,5.142239805106324979e-04,7.965799375114035463e-02,-2.064278960065170654e-08,1.255969639601312723e-08,6.869498666973501394e-07,1.791801002059101612e-05,2.854069780886410644e-06
9.023307759455469160e-10,8.291824751818907199e-05,5.118286183269273354e-08,5.496086872064643008e-04,8.513940817693885221e-02,-2.206325827400585426e-08,1.342395242063551726e-08,7.342201622671693040e-07,1.915098155280542595e-05,3.050463620757156414e-06
1.193415984585992177e-09,1.096670585111865021e-04,6.769407303434139970e-08,7.269083689317714855e-04,1.126047491066422684e-01,-2.918070157659868581e-08,1.775441980056660500e-08,9.710741351327228538e-07,2.532894600838562265e-05,4.034520535548423903e-06
8.743819573734274255e-10,8.034993541138378071e-05,4.959752244552091224e-08,5.325850924295959027e-04,8.250229777805949405e-02,-2.137987029805676105e-08,1.300815854467916054e-08,7.114784065227818566e-07,1.855779851708719869e-05,2.955978475652743604e-06
1.025284070434145263e-09,9.421684441565056920e-05,5.815713518282844450e-08,6.244994041952266987e-04,9.674066461773198067e-02,-2.506963948614967266e-08,1.525312551233879145e-08,8.342663872627684023e-07,2.176053044261288039e-05,3.466125550825631263e-06
1.197581430285368497e-09,1.100498355002152938e-04,6.793034939483607920e-08,7.294455373443915367e-04,1.129977796793459888e-01,-2.928255259037506988e-08,1.781638903221624346e-08,9.744635287994813564e-07,2.541735302704723555e-05,4.048602445319118767e-06
1.198133239525244895e-09,1.101005431302270923e-04,6.796164964174721408e-08,7.297816437479430658e-04,1.130498456327214823e-01,-2.929604510343339766e-08,1.782459828449804484e-08,9.749125320701702335e-07,2.542906457325097534e-05,4.050467918665161736e-06
1.191441349188779619e-09,1.094856025407274627e-04,6.758206589305824282e-08,7.257056206743642181e-04,1.124184324104088584e-01,-2.913241896014903573e-08,1.772504319907309327e-08,9.694673882939700498e-07,2.528703653674435378e-05,4.027844986399449861e-06
8.906267961037190300e-10,8.184272895743109979e-05,5.051897759078691866e-08,5.424798059054610801e-04,8.403507931704393141e-02,-2.177707948351362956e-08,1.324983260480175444e-08,7.246967167550358217e-07,1.890257741097575917e-05,3.010896573198395449e-06
1.070384810536159140e-09,9.836130499565630999e-05,6.071538212589057029e-08,6.519702155875709958e-04,1.009961443409007342e-01,-2.617241609950060426e-08,1.592408809657566167e-08,8.709645400896741238e-07,2.271774421026526812e-05,3.618595322020401359e-06
1.156592320160404000e-09,1.062832065992664341e-04,6.560532622584058525e-08,7.044791152671482995e-04,1.091302527471276901e-01,-2.828031112059798908e-08,1.720659506447185299e-08,9.411109801671888413e-07,2.454740409834475941e-05,3.910032651828047347e-06
1.140855293323659094e-09,1.048370776172617789e-04,6.471267566829039124e-08,6.948937094593802708e-04,1.076453857925000340e-01,-2.789551865111779567e-08,1.697247570920841526e-08,9.283058728764949634e-07,2.421340295521552069e-05,3.856831288044277867e-06
1.198028633953252635e-09,1.100909305680254532e-04,6.795571610530920284e-08,7.297179286086285296e-04,1.130399755753890151e-01,-2.929348734987640135e-08,1.782304207001573714e-08,9.748274152570351070e-07,2.542684443465773744e-05,4.050114283944505919e-06
1.198122895508704876e-09,1.100995925833249433e-04,6.796106289863318404e-08,7.297753432187995166e-04,1.130488696231805729e-01,-2.929579217766094830e-08,1.782444439682229373e-08,9.749041152171658799e-07,2.542884503283938873e-05,4.050432949176157644e-06
7.868324703176281556e-10,7.230471493203558756e-05,4.463145742928066636e-08,4.792587957664740756e-04,7.424156710940374437e-02,-1.923916203877712840e-08,1.170568701204574675e-08,6.402400089128176521e-07,1.669965662914568339e-05,2.660004391204823038e-06
1.196917008238535178e-09,1.099887794959156142e-04,6.789266141751310015e-08,7.290408386034797619e-04,1.129350881460911005e-01,-2.926630653558782681e-08,1.780650444201752868e-08,9.739228932852724786e-07,2.540325139746594873e-05,4.046356267601673537e-06
9.967999645570436034e-10,9.159934293568958586e-05,5.654143272160212658e-08,6.071497665072527134e-04,9.405304719242094103e-02,-2.437316298171916779e-08,1.482936818051347258e-08,8.110890720291108424e-07,2.115598652064712109e-05,3.369830787237586696e-06
1.193618074894464023e-09,1.096856292777674584e-04,6.770553619243373126e-08,7.270314619172899527e-04,1.126238173349685817e-01,-2.918564296925573425e-08,1.775742629303911966e-08,9.712385745855647512e-07,2.533323515364445391e-05,4.035203731944396006e-06
1.196617597225894936e-09,1.099612655984429782e-04,6.787567794216273917e-08,7.288584676836583820e-04,1.129068372240374513e-01,-2.925898551465174877e-08,1.780205011185940486e-08,9.736792646646538874e-07,2.539689672694751062e-05,4.045344064066050581e-06
8.056375314745642958e-10,7.403277603465236324e-05,4.569813593854707840e-08,4.907129379179157782e-04,7.601591840087437713e-02,-1.969897226826773309e-08,1.198544943727536611e-08,6.555415540026671791e-07,1.709877343743417276e-05,2.723577702095427859e-06
1.194631680710292214e-09,1.097787729676018634e-04,6.776303090258588004e-08,7.276488481093971745e-04,1.127194560980307042e-01,-2.921042705896963834e-08,1.777250568144931604e-08,9.720633384597575945e-07,2.535474782593516742e-05,4.038630377415655311e-06
1.074583238748073707e-09,9.874711286007063565e-05,6.095352935173435200e-08,6.545274736124488636e-04,1.013922869781295200e-01,-2.627507358215963887e-08,1.598654800824068858e-08,8.743807713933096536e-07,2.280685124659892395e-05,3.632788734088592632e-06
1.198022125526259564e-09,1.100903324865072777e-04,6.795534692814222806e-08,7.297139643328764622e-04,1.130393614728480017e-01,-2.929332820967024269e-08,1.782294524430989084e-08,9.748221193960821886e-07,2.542670630042957741e-05,4.050092281237405376e-06
1.183616196684934234e-09,1.087665226318088106e-04,6.713820017319029848e-08,7.209393288560207334e-04,1.116800902515995841e-01,-2.894108296083669139e-08,1.760862860068398220e-08,9.631001171177009876e-07,2.512095625305681742e-05,4.001390892539198224e-06
1.145160015561799326e-09,1.052326532016866129e-04,6.495685220467415258e-08,6.975157110591965548e-04,1.080515578011376765e-01,-2.800077517241778312e-08,1.703651695444721712e-08,9.318085948765181235e-07,2.430476596573257582e-05,3.871384042904213845e-06
7.897421684893277540e-10,7.257209700481414335e-05,4.479650408785316021e-08,4.810310897355443900e-04,7.451611164109438190e-02,-1.931030825696340031e-08,1.174897451908480705e-08,6.426076097092495559e-07,1.676141178312683409e-05,2.669841059372161091e-06
8.476076959157367094e-10,7.788955735729478338e-05,4.807880740066902838e-08,5.162769191045047182e-04,7.997601269984778993e-02,-2.072520189774893232e-08,1.260983852558298563e-08,6.896923795844347650e-07,1.798954416853201929e-05,2.865464095863646456e-06
1.173074097821587625e-09,1.077977732704715649e-04,6.654022124580212538e-08,7.145181479862746342e-04,1.106853906557362238e-01,-2.868331379660932075e-08,1.745179405915246337e-08,9.545220859295571369e-07,2.489721176130074077e-05,3.965751756729643620e-06
1.196055654072191092e-09,1.099096267285827079e-04,6.784380286978285426e-08,7.285161887242953219e-04,1.128538150853596600e-01,-2.924524521312819366e-08,1.779369009759466055e-08,9.732220155000501150e-07,2.538497009953193765e-05,4.043444331514525177e-06
1.198125585806761200e-09,1.100998398039740333e-04,6.796121550027037201e-08,7.297769818763985604e-04,1.130491234662173300e-01,-2.929585795923731777e-08,1.782448442031929161e-08,9.749063042936419433e-07,2.542890213146643390e-05,4.050442044129547602e-06
1.160892904309535515e-09,1.066784019206016833e-04,6.584926803761599431e-08,7.070985963614823035e-04,1.095360343064328001e-01,-2.838546645979381153e-08,1.727057474746380687e-08,9.446103350334905548e-07,2.463867928245892257e-05,3.924571417261580346e-06
1.118207233272011838e-09,1.027558702604569472e-04,6.342801093191667370e-08,6.810988008908287978e-04,1.055084283922247262e-01,-2.734174168634447195e-08,1.663554108538998381e-08,9.098773068013415684e-07,2.373272270821694336e-05,3.780266146845501357e-06
1.146943359493245217e-09,1.053965307479918801e-04,6.505800873005998872e-08,6.986019438943478566e-04,1.082198251937023792e-01,-2.804438044312313061e-08,1.706304771758146813e-08,9.332596892042631769e-07,2.434261548571335827e-05,3.877412902753832994e-06
1.168133598445120569e-09,1.073437739599281750e-04,6.625998155575582278e-08,7.115088952279399748e-04,1.102192299037989126e-01,-2.856251162887727444e-08,1.737829437330347005e-08,9.505020365745194939e-07,2.479235507798389440e-05,3.949049662533096020e-06
1.193450271565781775e-09,1.096702092585095803e-04,6.769601789291878164e-08,7.269292530936030065e-04,1.126079842541572312e-01,-2.918153994154278393e-08,1.775492988710871936e-08,9.711020342053644883e-07,2.532967371194506850e-05,4.034636447791807303e-06
1.186498299491183279e-09,1.090313688724914510e-04,6.730168154127872011e-08,7.226948145182233389e-04,1.119520310229558530e-01,-2.901155443347362593e-08,1.765150557216035246e-08,9.654452637606905129e-07,2.518212572565728898e-05,4.011134270462368634e-06
1.190663821781300113e-09,1.094141528997041890e-04,6.753796224622600603e-08,7.252320295821796129e-04,1.123450688223778526e-01,-2.911340732000148182e-08,1.771347594324852193e-08,9.688347197487921530e-07,2.527053436987341059e-05,4.025216439159472628e-06
1.191450280335611847e-09,1.094864232542212373e-04,6.758257249403707478e-08,7.257110606261165178e-04,1.124192751086475900e-01,-2.913263733926731129e-08,1.772517606752148757e-08,9.694746555048990385e-07,2.528722609054523203e-05,4.027875179471912411e-06
1.197659081679760648e-09,1.100569711512559075e-04,6.793475401085523032e-08,7.294928347236557436e-04,1.130051064756150692e-01,-2.928445127632869414e-08,1.781754425007149713e-08,9.745267131891873165e-07,2.541900109276903159e-05,4.048864957426661654e-06
1.062284585456607658e-09,9.761694773110941978e-05,6.025591347856891261e-08,6.470363773646820678e-04,1.002318477129259811e-01,-2.597435418831237992e-08,1.580358125034690975e-08,8.643734443065598083e-07,2.254582581270257171e-05,3.591211304336615923e-06
1.198039293949558370e-09,1.100919101513842181e-04,6.795632077172711178e-08,7.297244216007013531e-04,1.130409813991964663e-01,-2.929374800179913755e-08,1.782320065851457581e-08,9.748360892205372173e-07,2.542707068139346617e-05,4.050150321650184489e-06
1.198005845431994125e-09,1.100888364532100612e-04,6.795442347319907210e-08,7.297040481452927302e-04,1.130378253647734699e-01,-2.929293013843729855e-08,1.782270304575405444e-08,9.748088723986706311e-07,2.542636077327560344e-05,4.050037243953271074e-06
1.114003704642202552e-09,1.023695937012748916e-04,6.318957439533301591e-08,6.785384362069982710e-04,1.051118045051343541e-01,-2.723895949128470786e-08,1.657300529493530110e-08,9.064569253237850619e-07,2.364350742110472758e-05,3.766055492054736693e-06
9.307129994051492024e-10,8.552638667588734829e-05,5.279278522283220918e-08,5.668962684255425370e-04,8.781741248812284517e-02,-2.275724360984188240e-08,1.384619405027992142e-08,7.573145764992178985e-07,1.975336313214684516e-05,3.146413955654014860e-06
1.188871389069384214e-09,1.092494401544134294e-04,6.743629017841667969e-08,7.241402607808000193e-04,1.121759438580546830e-01,-2.906957981581341357e-08,1.768680996655418655e-08,9.673762299447436006e-07,2.523249195049059306e-05,4.019156853333394356e-06
1.197519746095073205e-09,1.100441671299289204e-04,6.792685048570729545e-08,7.294079655716522066e-04,1.129919594684038325e-01,-2.928104432504910865e-08,1.781547135805760762e-08,9.744133368106728201e-07,2.541604384772859463e-05,4.048393912723880292e-06
1.197854903039978981e-09,1.100749658428355093e-04,6.794586157572071440e-08,7.296121092996600685e-04,1.130235831974135824e-01,-2.928923938437204224e-08,1.782045747955739452e-08,9.746860516432305434e-07,2.542315718647342225e-05,4.049526960709091417e-06
1.023804976480396306e-09,9.408092543579411199e-05,5.807323661315706792e-08,6.235984896882122361e-04,9.660110472770350176e-02,-2.503347355589102263e-08,1.523112106852497012e-08,8.330628589872400488e-07,2.172913829487921875e-05,3.461125253353936750e-06
1.198132007638241708e-09,1.101004299279356795e-04,6.796157976548457711e-08,7.297808934069188345e-04,1.130497293980399359e-01,-2.929601498206123637e-08,1.782457995774586160e-08,9.749115296924396675e-07,2.542903842779977076e-05,4.050463754087616274e-06
1.196803727969588316e-09,1.099783697862726981e-04,6.788623582668938176e-08,7.289718397157525769e-04,1.129243995878446566e-01,-2.926353667347323368e-08,1.780481917428525586e-08,9.738307179326578528e-07,2.540084714793935361e-05,4.045973306775573264e-06
9.990563930366173639e-10,9.180669383201729326e-05,5.666942399728963907e-08,6.085241546224471601e-04,9.426595247113447873e-02,-2.442833583589727279e-08,1.486293701065630338e-08,8.129251119033807693e-07,2.120387674155004687e-05,3.377458979884088328e-06
1.187721789119189981e-09,1.091437995004999921e-04,6.737108148002998668e-08,7.234400407104197347e-04,1.120674733702812648e-01,-2.904147047798622702e-08,1.766970739680308402e-08,9.664408086064992904e-07,2.520809295177949610e-05,4.015270459429986117e-06
7.974274479651118286e-10,7.327832350490415172e-05,4.523243579720053718e-08,4.857121850457140635e-04,7.524125608223014572e-02,-1.949822416374875568e-08,1.186330822992837797e-08,6.488610671931371248e-07,1.692452341512748972e-05,2.695822291622235228e-06
1.197739065349162980e-09,1.100643211229887909e-04,6.793929092038887598e-08,7.295415526890737610e-04,1.130126533336612143e-01,-2.928640698969098934e-08,1.781873416512383555e-08,9.745917953345521204e-07,2.542069865847119213e-05,4.049135354137348127e-06
1.193276926046607735e-09,1.096542799484957585e-04,6.768618522401983032e-08,7.268236685277584645e-04,1.125916282400368507e-01,-2.917730139946693232e-08,1.775235103014876973e-08,9.709609841840094670e-07,2.532599464332803342e-05,4.034050427438563917e-06
1.171659505635204227e-09,1.076677815776525574e-04,6.645998140653764338e-08,7.136565214351065856e-04,1.105519168290963056e-01,-2.864872502540414168e-08,1.743074920652099085e-08,9.533710422853458530e-07,2.486718859287031177e-05,3.960969517092246255e-06
7.402233323356747410e-10,6.802164253461326175e-05,4.198764971146079353e-08,4.508692208777724075e-04,6.984376252464659374e-02,-1.809950297290185464e-08,1.101228403021690031e-08,6.023144834131666388e-07,1.571042877005023026e-05,2.502435256250060170e-06
1.197887220634665605e-09,1.100779356166555584e-04,6.794769472496898378e-08,7.296317939111826795e-04,1.130266325236237573e-01,-2.929002959507677889e-08,1.782093826760650847e-08,9.747123482411607274e-07,2.542384309199296840e-05,4.049636215152728430e-06
1.187098731132908112e-09,1.090865445805726860e-04,6.733573979416960225e-08,7.230605367734792678e-04,1.120086847424010268e-01,-2.902623583273475329e-08,1.766043817870024286e-08,9.659338307354294125e-07,2.519486922903867811e-05,4.013164119081810608e-06
1.095059859460919506e-09,1.006287792620889248e-04,6.211502364704727865e-08,6.669997608583522761e-04,1.033243582489209583e-01,-2.677575579694163461e-08,1.629117818324120233e-08,8.910424526561642015e-07,2.324144507403939103e-05,3.702013001093254861e-06
7.571097126819245161e-10,6.957338952425724311e-05,4.294549498855522901e-08,4.611546966491667627e-04,7.143707671413973559e-02,-1.851239875438729763e-08,1.126350228893945467e-08,6.160548115150609316e-07,1.606882368145708866e-05,2.559522180807770223e-06
1.140541802083399985e-09,1.048082698397288120e-04,6.469489352091862552e-08,6.947027622883398222e-04,1.076158063307595808e-01,-2.788785334878647977e-08,1.696781190785561986e-08,9.280507872743762573e-07,2.420674944730111190e-05,3.855771484201464139e-06
1.180331624359172941e-09,1.084646920965336853e-04,6.695188954740812876e-08,7.189386994503521502e-04,1.113701744741657090e-01,-2.886077054162768644e-08,1.755976410021634312e-08,9.604274838768900180e-07,2.505124480610589614e-05,3.990286906443876054e-06
9.889885299919198731e-10,9.088152361487086253e-05,5.609834512366123635e-08,6.023918302703577549e-04,9.331599938953445694e-02,-2.418216240532829705e-08,1.471315766355615575e-08,8.047329630424319386e-07,2.099019738517086470e-05,3.343423068912934515e-06
1.197684471119667957e-09,1.100593042733422918e-04,6.793619417473905489e-08,7.295082994036914239e-04,1.130075020958745957e-01,-2.928507208389177791e-08,1.781792196813497398e-08,9.745473723966372041e-07,2.541953995579826893e-05,4.048950790210884214e-06
1.185069147438962240e-09,1.089000392240230004e-04,6.722061582349902014e-08,7.218243195687226461e-04,1.118171834003715004e-01,-2.897660965304325784e-08,1.763024411276840603e-08,9.642823728567571283e-07,2.515179354003549425e-05,4.006302809029323010e-06
1.186698586806218610e-09,1.090497739558661712e-04,6.731304242826780779e-08,7.228168093024147289e-04,1.119709291298608134e-01,-2.901645174040189658e-08,1.765448524154453376e-08,9.656082361305414710e-07,2.518637660435693482e-05,4.011811371570411600e-06
8.048072037122400457e-10,7.395647438923249456e-05,4.565103729992382983e-08,4.902071861874331919e-04,7.593757283607514841e-02,-1.967866958508257615e-08,1.197309667189030684e-08,6.548659221826731543e-07,1.708115064091324776e-05,2.720770655389500290e-06
1.161075821875743789e-09,1.066952108386111581e-04,6.585964366124271316e-08,7.072100112506901582e-04,1.095532934909218131e-01,-2.838993905190048984e-08,1.727329600752845227e-08,9.447591737617300212e-07,2.464256150728104595e-05,3.925189797345903126e-06
1.168345676957775075e-09,1.073632625766021936e-04,6.627201127423628662e-08,7.116380720176848987e-04,1.102392405689959776e-01,-2.856769724719353009e-08,1.738144946004018305e-08,9.506746033583703725e-07,2.479685621192708370e-05,3.949766625541388966e-06
9.399691118469458055e-10,8.637696236605021374e-05,5.331781920908840874e-08,5.725341563746046483e-04,8.869077285255012877e-02,-2.298356859493684137e-08,1.398389700393183920e-08,7.648462096432359556e-07,1.994981397184893279e-05,3.177705622774368047e-06
9.092639636738615642e-10,8.355536174666481795e-05,5.157613268083220591e-08,5.538316842570990784e-04,8.579358901140032856e-02,-2.223278447835334554e-08,1.352709728133330517e-08,7.398616480222989942e-07,1.929813086193539031e-05,3.073902294805419463e-06
1.194009608175408329e-09,1.097216086041590688e-04,6.772774511443405604e-08,7.272699444098236791e-04,1.126607604524038075e-01,-2.919521650939271086e-08,1.776325112388231293e-08,9.715571624435115080e-07,2.534154501831998194e-05,4.036527368532746014e-06
1.119810975752794311e-09,1.029032436179018532e-04,6.351897993352596086e-08,6.820756386791181416e-04,1.056597494923378761e-01,-2.738095544863847924e-08,1.665939992222774322e-08,9.111822607005820918e-07,2.376676038429280521e-05,3.785687837233444664e-06
1.193870978545253955e-09,1.097088694553979648e-04,6.771988163310852164e-08,7.271855052539529180e-04,1.126476800555230029e-01,-2.919182681969569183e-08,1.776118873433638464e-08,9.714443604952011985e-07,2.533860275639062047e-05,4.036058710414439381e-06
1.102664633587019657e-09,1.013276078514686093e-04,6.254638885561744185e-08,6.716318204482159921e-04,1.040419066088746625e-01,-2.696170323454710052e-08,1.640431421800791393e-08,8.972304035071362287e-07,2.340284806824579380e-05,3.727722073014729724e-06
1.187969636660909095e-09,1.091665750550515013e-04,6.738514012329203380e-08,7.235910043765862157e-04,1.120908590217326029e-01,-2.904753069943860979e-08,1.767339461849196559e-08,9.666424803959912135e-07,2.521335324415331983e-05,4.016108344970038393e-06
1.103874712612002827e-09,1.014388061335010170e-04,6.261502810542851426e-08,6.723688782568007375e-04,1.041560835989328998e-01,-2.699129137092888646e-08,1.642231653344435780e-08,8.982150362402358532e-07,2.342853066901999802e-05,3.731812925440863476e-06
8.693022760908192949e-10,7.988314620155832714e-05,4.930938794742690790e-08,5.294910641246919824e-04,8.202300451924812719e-02,-2.125566493670202291e-08,1.293258825308817559e-08,7.073451058363746480e-07,1.844998785038859260e-05,2.938805856286636576e-06
1.197327365427666013e-09,1.100264886153275808e-04,6.791593808708178729e-08,7.292907867178701625e-04,1.129738073931290249e-01,-2.927634034679070999e-08,1.781260931567274157e-08,9.742567980240037708e-07,2.541196077895730964e-05,4.047743541216106574e-06
7.989284131729096306e-10,7.341625230876874320e-05,4.531757496888166659e-08,4.866264213096117494e-04,7.538287963413899118e-02,-1.953492487697139443e-08,1.188563805184251267e-08,6.500823919531974095e-07,1.695637975625230467e-05,2.700896528126705068e-06
9.440377965469590390e-10,8.675084765736775373e-05,5.354860700043172448e-08,5.750123877685057441e-04,8.907467354246587088e-02,-2.308305366600495591e-08,1.404442672461028280e-08,7.681568695700541682e-07,2.003616734437186931e-05,3.191460417570894855e-06
1.011402210710883737e-09,9.294119305671295342e-05,5.736971517329594837e-08,6.160439786441132678e-04,9.543084193104010848e-02,-2.473020846532819429e-08,1.504660543189520657e-08,8.229708163144067836e-07,2.146590318776808395e-05,3.419195855858850874e-06
1.183989035791072220e-09,1.088007840868221508e-04,6.715934870648208807e-08,7.211664247471577744e-04,1.117152694804234431e-01,-2.895019940207161614e-08,1.761417531875541651e-08,9.634034936579959748e-07,2.512886935436529448e-05,4.002651330684486556e-06
1.161809125096492348e-09,1.067625965685284421e-04,6.590123878182331384e-08,7.076566654391806214e-04,1.096224843064111248e-01,-2.840786934839911357e-08,1.728420534123139539e-08,9.453558573993515193e-07,2.465812506426872855e-05,3.927668838133948452e-06
7.605029610653395208e-10,6.988520667252181478e-05,4.313797004072259381e-08,4.632215205225073012e-04,7.175724661952567751e-02,-1.859536845626041182e-08,1.131398356040293620e-08,6.188158736943631893e-07,1.614084165859720209e-05,2.570993562506963379e-06
1.197770339691830095e-09,1.100671950288283887e-04,6.794106489330690633e-08,7.295606018569340562e-04,1.130156042238411596e-01,-2.928717169141457954e-08,1.781919943273870649e-08,9.746172430457020128e-07,2.542136242211026981e-05,4.049241081712104375e-06
1.160270367536671397e-09,1.066211948967501138e-04,6.581395591651728847e-08,7.067194098950636046e-04,1.094772948576375471e-01,-2.837024455894445249e-08,1.726131328343996702e-08,9.441037812700875140e-07,2.462546662190152078e-05,3.922466838953015737e-06
1.198059932579639870e-09,1.100938067053787851e-04,6.795749145567144440e-08,7.297369925676761970e-04,1.130429287568590624e-01,-2.929425264537114967e-08,1.782350769889890835e-08,9.748528827276759958e-07,2.542750871369215532e-05,4.050220093613996958e-06
1.081806280655145846e-09,9.941086277601165707e-05,6.136324158343121752e-08,6.589270205258555531e-04,1.020738169997127132e-01,-2.645168712939535405e-08,1.609400502231757776e-08,8.802581094410070074e-07,2.296015239292469579e-05,3.657207303371723612e-06
1.197676817587772634e-09,1.100586009642354700e-04,6.793576004384606155e-08,7.295036376457976523e-04,1.130067799469759854e-01,-2.928488494425804247e-08,1.781780810673208999e-08,9.745411447719344875e-07,2.541937751797386063e-05,4.048924916306059752e-06
1.193784801328799549e-09,1.097009503375368785e-04,6.771499340732648004e-08,7.271330148058099312e-04,1.126395488054284105e-01,-2.918971966538526107e-08,1.775990667803921823e-08,9.713742387044614897e-07,2.533677373944186062e-05,4.035767375495206265e-06
1.195420824003128711e-09,1.098512900318837117e-04,6.780779343668111028e-08,7.281295144246285400e-04,1.127939157027676581e-01,-2.922972272387346179e-08,1.778424574651026765e-08,9.727054587685893527e-07,2.537149652723907155e-05,4.041298193886659974e-06
1.195931367786190809e-09,1.098982056385562834e-04,6.783675298522430887e-08,7.284404860836370035e-04,1.128420880545227961e-01,-2.924220623839626583e-08,1.779184109362152633e-08,9.731208846293016443e-07,2.538233225935856798e-05,4.043024163208057300e-06
1.197964115781280459e-09,1.100850017735128150e-04,6.795205644438465552e-08,7.296786306607541857e-04,1.130338879641440003e-01,-2.929190978970718605e-08,1.782208223478246377e-08,9.747749172774057604e-07,2.542547510718471199e-05,4.049896170651991168e-06
1.197977021810071352e-09,1.100861877524445757e-04,6.795278851238678498e-08,7.296864917087532562e-04,1.130351057123162445e-01,-2.929222536028739055e-08,1.782227423745049347e-08,9.747854188216348869e-07,2.542574902349775467e-05,4.049939801405107728e-06
1.170929945320590671e-09,1.076007397961249539e-04,6.641859859462772179e-08,7.132121470466429433e-04,1.104830791754648073e-01,-2.863088624823186278e-08,1.741989555593914896e-08,9.527774042239399392e-07,2.485170447496223826e-05,3.958503129756022756e-06
7.490466039480565135e-10,6.883244300709968054e-05,4.248813168978590132e-08,4.562434659517760260e-04,7.067628219846065762e-02,-1.831524439012403329e-08,1.114354762165856474e-08,6.094939170395789990e-07,1.589769303764328542e-05,2.532263640460302811e-06
1.123179976122320346e-09,1.032128325336035125e-04,6.371007956685836517e-08,6.841276931137603738e-04,1.059776314767008204e-01,-2.746333225242219330e-08,1.670952045659412394e-08,9.139235924427023794e-07,2.383826372391964645e-05,3.797077244909124770e-06
1.198038974222656001e-09,1.100918807705904674e-04,6.795630263587459521e-08,7.297242268553953172e-04,1.130409512313689108e-01,-2.929374018402608427e-08,1.782319590194543427e-08,9.748358290610209119e-07,2.542706389554045873e-05,4.050149240765757048e-06
7.918848361918979759e-10,7.276899403597745098e-05,4.491804251688336602e-08,4.823361862860807295e-04,7.471828302323027526e-02,-1.936269949992819864e-08,1.178085093298900527e-08,6.443510832449020344e-07,1.680688755624641558e-05,2.677084666763489055e-06
1.195095554320356654e-09,1.098213998931615848e-04,6.778934318132521574e-08,7.279313930171557329e-04,1.127632248862429909e-01,-2.922176942203447470e-08,1.777940671756234029e-08,9.724407891312101097e-07,2.536459303479426887e-05,4.040198571264134398e-06
1.105566753208487120e-09,1.015942935054606888e-04,6.271100563647793708e-08,6.733994983306414899e-04,1.043157360665604994e-01,-2.703266414650690486e-08,1.644748897914442294e-08,8.995918376909139395e-07,2.346444237580614015e-05,3.737533120763926388e-06
6.975905889664894294e-10,6.410397457813555211e-05,3.956939481914917355e-08,4.249016635919261901e-04,6.582115059986969052e-02,-1.705707235548433406e-08,1.037803777174322820e-08,5.676245220499216755e-07,1.480559552754756333e-05,2.358308915702163401e-06
1.192981171725245424e-09,1.096271020768360238e-04,6.766940916697928088e-08,7.266435248945889635e-04,1.125637223450393493e-01,-2.917006978978252435e-08,1.774795110049547503e-08,9.707203309871880270e-07,2.531971758207338149e-05,4.033050585892594191e-06
9.055280142079702443e-10,8.321205262900381833e-05,5.136421861292704239e-08,5.515561215298203082e-04,8.544108355000605559e-02,-2.214143525236887337e-08,1.347151765442379242e-08,7.368217323991237635e-07,1.921883943000065963e-05,3.061272361040003490e-06
1.196379288482434285e-09,1.099393665965439122e-04,6.786216036765986580e-08,7.287133140890622411e-04,1.128843516057669583e-01,-2.925315853025080550e-08,1.779850479863401419e-08,9.734853545277532996e-07,2.539183888510995849e-05,4.044538425854638386e-06
1.195871472119869378e-09,1.098927016218279490e-04,6.783335552644818207e-08,7.284040036988910071e-04,1.128364365997360230e-01,-2.924074170500034217e-08,1.779095002728938745e-08,9.730721479497845258e-07,2.538106103950062590e-05,4.042821676984574083e-06
1.195864042172789281e-09,1.098920188586911091e-04,6.783293407794507837e-08,7.283994781262633162e-04,1.128357355471796275e-01,-2.924056003233022747e-08,1.779083949215221369e-08,9.730661022544627915e-07,2.538090334701881845e-05,4.042796558941527174e-06
1.131682710416901345e-09,1.039941777404991384e-04,6.419237972352054351e-08,6.893066992586112905e-04,1.067799068562231418e-01,-2.767123608079378691e-08,1.683601542236336152e-08,9.208422071235991976e-07,2.401872493832662918e-05,3.825822004961671716e-06
9.954621986210922677e-10,9.147641106862300505e-05,5.646555069375868891e-08,6.063349347410665986e-04,9.392682230560286949e-02,-2.434045272053569701e-08,1.480946627009116427e-08,8.100005413608085375e-07,2.112759390516247889e-05,3.365308270185642015e-06
1.197724898828269904e-09,1.100630193131456531e-04,6.793848735355855576e-08,7.295329238767158742e-04,1.130113166517736911e-01,-2.928606059830366212e-08,1.781852341014627603e-08,9.745802681368258395e-07,2.542039798959507365e-05,4.049087462102886929e-06
6.724108617141864037e-10,6.179012370171044482e-05,3.814112645537867442e-08,4.095647193046682484e-04,6.344531777507064763e-02,-1.644139256216859445e-08,1.000343959820171909e-08,5.471359563023375140e-07,1.427118341951742780e-05,2.273185096354154044e-06
1.197261610441454294e-09,1.100204461657430165e-04,6.791220827040722792e-08,7.292507354277971915e-04,1.129676030822931443e-01,-2.927473254477146318e-08,1.781163108038491143e-08,9.742032936573864088e-07,2.541056520145788710e-05,4.047521246688789394e-06
1.083240191180876728e-09,9.954262969681396882e-05,6.144457721585718091e-08,6.598004138563586798e-04,1.022091136080008344e-01,-2.648674826120465856e-08,1.611533727340110316e-08,8.814248722811369638e-07,2.299058557193033611e-05,3.662054851533404884e-06
1.085315624924779693e-09,9.973334837057770794e-05,6.156230193653488111e-08,6.610645582763195402e-04,1.024049411308747687e-01,-2.653749553919075081e-08,1.614621344938118006e-08,8.831136380207586463e-07,2.303463437798142335e-05,3.669071164510686916e-06
7.107015345513847466e-10,6.530878401186749076e-05,4.031308630597056761e-08,4.328875261858277290e-04,6.705823369344844631e-02,-1.737765343990191611e-08,1.057308898180169733e-08,5.782928056233491049e-07,1.508386097490865270e-05,2.402632420570474948e-06
1.198133093287523662e-09,1.101005296919449348e-04,6.796164134671253346e-08,7.297815546747072994e-04,1.130498318344632797e-01,-2.929604152771516097e-08,1.782459610892311930e-08,9.749124130775721286e-07,2.542906146951565510e-05,4.050467424286758774e-06
9.052525687869048115e-10,8.318674101134596543e-05,5.134859453658534835e-08,5.513883480255749253e-04,8.541509390102175470e-02,-2.213470022389886560e-08,1.346741985977305763e-08,7.365976044106503166e-07,1.921299340289147687e-05,3.060341176757184798e-06
1.151233863624644640e-09,1.057907997821743817e-04,6.530137877351208053e-08,7.012152852609231058e-04,1.086246556530705426e-01,-2.814928931168916125e-08,1.712687744040134646e-08,9.367508420315211177e-07,2.443367673250122860e-05,3.891917591185664462e-06
9.250085754941539284e-10,8.500218773863518166e-05,5.246921348101100207e-08,5.634217100700370960e-04,8.727917164704813990e-02,-2.261776241136362012e-08,1.376132947820756355e-08,7.526729271603899825e-07,1.963229298802549784e-05,3.127129300756109968e-06
7.689193447402195302e-10,7.065861682694157494e-05,4.361537213565935084e-08,4.683479305994876405e-04,7.255137438749241496e-02,-1.880116089036798212e-08,1.143919389015923871e-08,6.256642254875265737e-07,1.631947017576160640e-05,2.599446401424767668e-06
1.036591186644835455e-09,9.525589382598735459e-05,5.879850814955621811e-08,6.313865562932323471e-04,9.780754741507119432e-02,-2.534611440193566966e-08,1.542134119784264595e-08,8.434669076487512942e-07,2.200051158892748392e-05,3.504350941753077600e-06
9.453776790884406592e-10,8.687397402652370941e-05,5.362460908838092304e-08,5.758285087568016779e-04,8.920109814157012318e-02,-2.311581568117456948e-08,1.406436012372020317e-08,7.692471225052869418e-07,2.006460488248858624e-05,3.195990090123173654e-06
7.584074598602954263e-10,6.969264393142232661e-05,4.301910703448674856e-08,4.619451530339475031e-04,7.155952563162679136e-02,-1.854413050058730558e-08,1.128280884130458836e-08,6.171107792037244653e-07,1.609636694268204310e-05,2.563909408487566945e-06
1.175517543342598279e-09,1.080223097995465612e-04,6.667882067943725460e-08,7.160064479765480437e-04,1.109159419248685746e-01,-2.874305948083695371e-08,1.748814513715053660e-08,9.565103002460280878e-07,2.494907121389352425e-05,3.974012188347232836e-06
1.114708633435404404e-09,1.024343720084274558e-04,6.322956003473063693e-08,6.789678075627516348e-04,1.051783180518957445e-01,-2.725619599306854638e-08,1.658349250298820336e-08,9.070305208906536849e-07,2.365846876197277691e-05,3.768438608863130458e-06
1.069090915066225857e-09,9.824240453509496917e-05,6.064198856021710015e-08,6.511821052741803648e-04,1.008740588513112740e-01,-2.614077853299646574e-08,1.590483884598076735e-08,8.699117065088891693e-07,2.269028269732951917e-05,3.614221115614819813e-06
1.198089388870035216e-09,1.100965135442044868e-04,6.795916230330469612e-08,7.297549343618891767e-04,1.130457081047414325e-01,-2.929497289315622681e-08,1.782394591939553144e-08,9.748768511025671837e-07,2.542813389116477493e-05,4.050319674992188139e-06
7.881781648125907095e-10,7.242837538138715300e-05,4.470778918836592109e-08,4.800784568092687906e-04,7.436854009530019516e-02,-1.927206616439464916e-08,1.172570687544246787e-08,6.413349909934388685e-07,1.672821751960376922e-05,2.664553711931731354e-06
7.489316362165730547e-10,6.882187823077831319e-05,4.248161038111218210e-08,4.561734392324661921e-04,7.066543441970934980e-02,-1.831243326717387302e-08,1.114183724958827252e-08,6.094003686106486062e-07,1.589525297357420667e-05,2.531874974915692502e-06
9.273074039617074847e-10,8.521343491423408764e-05,5.259960980901894133e-08,5.648219239714648418e-04,8.749607757605484815e-02,-2.267397200496207063e-08,1.379552909191275312e-08,7.545434676046111207e-07,1.968108310219294333e-05,3.134900832878889321e-06
1.019867195623557832e-09,9.371906934436514491e-05,5.784987407372491202e-08,6.211999916817957223e-04,9.622955546814246364e-02,-2.493718926814762647e-08,1.517253880105249617e-08,8.298587145905792580e-07,2.164556321292628545e-05,3.447812998501815118e-06
1.193089839621432700e-09,1.096370879398405164e-04,6.767557313042203323e-08,7.267097143911206659e-04,1.125739757029163707e-01,-2.917272687288728586e-08,1.774956775007338463e-08,9.708087532847519085e-07,2.532202393904439352e-05,4.033417953905411736e-06
7.677199139362272714e-10,7.054839704619415689e-05,4.354733688433559733e-08,4.676173586106441966e-04,7.243820211018194011e-02,-1.877183311798589662e-08,1.142134998804056735e-08,6.246882571364386851e-07,1.629401357180497900e-05,2.595391546896105588e-06
1.196110078188832900e-09,1.099146279459798872e-04,6.784688996613012697e-08,7.285493383941252146e-04,1.128589502721503157e-01,-2.924657595942856867e-08,1.779449976381885620e-08,9.732663000183414440e-07,2.538612519174603563e-05,4.043628320349145233e-06
1.197531426381810113e-09,1.100452404712495830e-04,6.792751302600644410e-08,7.294150800215089183e-04,1.129930615617011358e-01,-2.928132992450981838e-08,1.781564512539171168e-08,9.744228409772733603e-07,2.541629174901024370e-05,4.048433399673368102e-06
8.865579575262737765e-10,8.146882952579237588e-05,5.028818107106200928e-08,5.400014807849847637e-04,8.365116410802517222e-02,-2.167759064992559014e-08,1.318930059489259949e-08,7.213859316192408926e-07,1.881622077257301431e-05,2.997141258196284659e-06
1.191600477732168719e-09,1.095002254044263439e-04,6.759109213317666336e-08,7.258025456958316218e-04,1.124334469819710525e-01,-2.913630987714439235e-08,1.772741055043932045e-08,9.695968700628105387e-07,2.529041386563549826e-05,4.028382944147953160e-06
1.020430307722812819e-09,9.377081563261246673e-05,5.788181545214268564e-08,6.215429826446133496e-04,9.628268790266195087e-02,-2.495095815203619634e-08,1.518091620569101106e-08,8.303169149178997093e-07,2.165751464992974132e-05,3.449716682847929886e-06
8.212436137764627934e-10,7.546687207747219224e-05,4.658335893603453972e-08,5.002185855529467070e-04,7.748843008568520596e-02,-2.008056295945452726e-08,1.221762073396385445e-08,6.682401126526784213e-07,1.742999542635728709e-05,2.776336388370533151e-06
1.196607427764046426e-09,1.099603310919657989e-04,6.787510110030542960e-08,7.288522734755862459e-04,1.129058776846020989e-01,-2.925873685698734400e-08,1.780189882102943954e-08,9.736709898455658834e-07,2.539668089126789673e-05,4.045309684685186997e-06
1.040192081534146099e-09,9.558679231873347935e-05,5.900276152371437885e-08,6.335798574258559015e-04,9.814730980371630387e-02,-2.543416135331794283e-08,1.547491162118896217e-08,8.463969303193912854e-07,2.207693663552584941e-05,3.516524303401417262e-06
1.197668067949629930e-09,1.100577969301932437e-04,6.793526373857522925e-08,7.294983082507894507e-04,1.130059543749871998e-01,-2.928467100328285637e-08,1.781767793858393830e-08,9.745340252533410111e-07,2.541919181649593995e-05,4.048895336850763619e-06
1.102197515984968181e-09,1.012846828244390958e-04,6.251989256808877041e-08,6.713472996284914869e-04,1.039978317338422359e-01,-2.695028155130948915e-08,1.639736492110710817e-08,8.968503132223769705e-07,2.339293400921294420e-05,3.726142912368035830e-06
1.106142677288711036e-09,1.016472171302651813e-04,6.274367374822811654e-08,6.737502930570329375e-04,1.043700773753712535e-01,-2.704674630137398748e-08,1.645605698730387301e-08,9.000604630364171355e-07,2.347666573306071971e-05,3.739480117920484811e-06
1.180841429319546948e-09,1.085115398102736887e-04,6.698080718775027648e-08,7.192492210932706831e-04,1.114182771143160805e-01,-2.887323599089524185e-08,1.756734845588092045e-08,9.608423085628132927e-07,2.506206485752376201e-05,3.992010378065104029e-06
1.198131553588751579e-09,1.101003882037819657e-04,6.796155401045889164e-08,7.297806168458717676e-04,1.130496865562064385e-01,-2.929600387991174280e-08,1.782457320286293702e-08,9.749111602355850737e-07,2.542902879109709021e-05,4.050462219105669766e-06
1.161788525233317792e-09,1.067607035769569637e-04,6.590007029685224233e-08,7.076441180850862002e-04,1.096205406065995230e-01,-2.840736565273257374e-08,1.728389887758137085e-08,9.453390954365703293e-07,2.465768785475514049e-05,3.927599197227440883e-06
1.194500447763012559e-09,1.097667135252164969e-04,6.775558698291964554e-08,7.275689142649630504e-04,1.127070736150626584e-01,-2.920721822858606642e-08,1.777055333216980410e-08,9.719565551399207635e-07,2.535196255049132019e-05,4.038186724885792598e-06
1.196854319658770078e-09,1.099830188288608140e-04,6.788910553645247864e-08,7.290026550582145645e-04,1.129291731659940873e-01,-2.926477371152478983e-08,1.780557182558183091e-08,9.738718840318653560e-07,2.540192090108185489e-05,4.046144339518194543e-06
1.198121047477565370e-09,1.100994227614508102e-04,6.796095807285863950e-08,7.297742175850567255e-04,1.130486952522273408e-01,-2.929574699069689999e-08,1.782441690370917734e-08,9.749026114873148064e-07,2.542880581040432870e-05,4.050426701631563419e-06
9.798891315622142005e-10,9.004534890890417880e-05,5.558220041818977979e-08,5.968493966543941083e-04,9.245742577360133163e-02,-2.395966929853793803e-08,1.457778614034863237e-08,7.973288469802359749e-07,2.079707262858001060e-05,3.312661196858304325e-06
1.153661192350846734e-09,1.060138552840953131e-04,6.543906401503068080e-08,7.026937685291331304e-04,1.088536862222464346e-01,-2.820864091758555643e-08,1.716298874924552372e-08,9.387259422261922994e-07,2.448519412379199928e-05,3.900123537577262567e-06
1.197590102667717062e-09,1.100506324349595505e-04,6.793084131793052810e-08,7.294508196829803219e-04,1.129985979618653713e-01,-2.928276464233729012e-08,1.781651805103188074e-08,9.744705854555826740e-07,2.541753708885561934e-05,4.048631763599693186e-06
1.194695312596428140e-09,1.097846203182911365e-04,6.776664029076488258e-08,7.276876062215396294e-04,1.127254600837876292e-01,-2.921198294820195831e-08,1.777345233143033871e-08,9.721151152748787748e-07,2.535609834296290231e-05,4.038845494486858707e-06
1.187396243938267958e-09,1.091138840453147738e-04,6.735261559760679862e-08,7.232417514973255327e-04,1.120367565591323666e-01,-2.903351043982947099e-08,1.766486426927605808e-08,9.661759147982265261e-07,2.520118361218847040e-05,4.014169905444919333e-06
1.167288741746255594e-09,1.072661372010572637e-04,6.621205879301827447e-08,7.109942939381255246e-04,1.101395134613886301e-01,-2.854185369273179864e-08,1.736572546129231317e-08,9.498145826617532295e-07,2.477442392071202085e-05,3.946193498592615945e-06
1.111599368550016341e-09,1.021486510707856482e-04,6.305319336380190901e-08,6.770739577269810957e-04,1.048849434056304958e-01,-2.718017008767179493e-08,1.653723604693320249e-08,9.045005340725836407e-07,2.359247802326561457e-05,3.757927275687959732e-06
9.606897821887014657e-10,8.828105531947972749e-05,5.449315671885196130e-08,5.851550939821428864e-04,9.064587142278109078e-02,-2.349021816685422168e-08,1.429215789916721002e-08,7.817064723608254908e-07,2.038958748512725126e-05,3.247754935909002470e-06
1.164776930106567702e-09,1.070353182765443014e-04,6.606958143157710133e-08,7.094643522198547728e-04,1.099025115080518866e-01,-2.848043636061873611e-08,1.732835730225392271e-08,9.477707393186692563e-07,2.472111347219565201e-05,3.937701945125394093e-06
6.467402072832984553e-10,5.943115985519445085e-05,3.668501125470393962e-08,3.939287518107006491e-04,6.102316352296698054e-02,-1.581370890793666236e-08,9.621537913283890327e-09,5.262479265861834714e-07,1.372635192029341694e-05,2.186401624538738688e-06
1.011207804104848622e-09,9.292332837171261124e-05,5.735868785745865936e-08,6.159255657933322388e-04,9.541249869835342901e-02,-2.472545495001710277e-08,1.504371324967196431e-08,8.228126290358234072e-07,2.146177712067032841e-05,3.418538635363713019e-06
9.821364319374394926e-10,9.025186099264129180e-05,5.570967392088747597e-08,5.982182248512289691e-04,9.266946977015234899e-02,-2.401461895770910537e-08,1.461121917191101733e-08,7.991574593806406829e-07,2.084476911547468634e-05,3.320258530588115643e-06
1.130493370740118830e-09,1.038848852677922151e-04,6.412491687068245108e-08,6.885822737642974473e-04,1.066676867270842516e-01,-2.764215505068387083e-08,1.681832164569219184e-08,9.198744498512586189e-07,2.399348250748277922e-05,3.821801264991957653e-06
6.622607716884657407e-10,6.085739736728760385e-05,3.756538342496783700e-08,4.033823105885098073e-04,6.248760616778679250e-02,-1.619320856610881729e-08,9.852436962358270885e-09,5.388768999292445815e-07,1.405575888560613000e-05,2.238871204823162721e-06
1.157583964071216617e-09,1.063743321348667236e-04,6.566157519199289781e-08,7.050831244869678379e-04,1.092238192949386982e-01,-2.830455821080410290e-08,1.722134772616956844e-08,9.419178737948000981e-07,2.456845065327692890e-05,3.913385051807433064e-06
1.150882405109765546e-09,1.057585030624946419e-04,6.528144301039003003e-08,7.010012122645013647e-04,1.085914937896461374e-01,-2.814069565602198083e-08,1.712164880085215148e-08,9.364648627269204632e-07,2.442621741080407087e-05,3.890729433314488312e-06
9.988218761373065973e-10,9.178514327558872960e-05,5.665612150736594930e-08,6.083813106359691652e-04,9.424382463226753381e-02,-2.442260156742605607e-08,1.485944810860163925e-08,8.127342871632117469e-07,2.119889937744782397e-05,3.376666160566748330e-06
1.198100636596418737e-09,1.100975471360813820e-04,6.795980030750534250e-08,7.297617853397086237e-04,1.130467693838124454e-01,-2.929524791590709996e-08,1.782411325154006326e-08,9.748860032978715465e-07,2.542837261182711602e-05,4.050357699606956895e-06
7.509883466648717735e-10,6.901087635715449280e-05,4.259827306126383474e-08,4.574261793135841981e-04,7.085949530627944082e-02,-1.836272273421339749e-08,1.117243487956720657e-08,6.110738993372317029e-07,1.593890439820122882e-05,2.538827991002716589e-06
8.501078274415119863e-10,7.811930295636850365e-05,4.822062223161416884e-08,5.177997464781857904e-04,8.021191257619408876e-02,-2.078633363462708617e-08,1.264703291985837602e-08,6.917267189015443020e-07,1.804260671943474747e-05,2.873916162965639685e-06
6.143666444381357748e-10,5.645624293049139987e-05,3.484868732748376190e-08,3.742100501440298621e-04,5.796855643796779145e-02,-1.502212970290056219e-08,9.139917227272683650e-09,4.999057877619435095e-07,1.303925853793968022e-05,2.076957972204061447e-06
1.152495051103353239e-09,1.059066945940484553e-04,6.537291704549467145e-08,7.019834731726873290e-04,1.087436549805897573e-01,-2.818012712174338277e-08,1.714564009502757537e-08,9.377770613514776482e-07,2.446044405417887766e-05,3.896181223353949057e-06
1.197875967606550872e-09,1.100769015375845295e-04,6.794705642003851420e-08,7.296249397040846258e-04,1.130255707443079682e-01,-2.928975444269111304e-08,1.782077085658825715e-08,9.747031917318752125e-07,2.542360425880719273e-05,4.049598172614667125e-06
1.193827515531132460e-09,1.097048754910349256e-04,6.771741628281136770e-08,7.271590319796614405e-04,1.126435791034126194e-01,-2.919076408778906620e-08,1.776054213616066433e-08,9.714089949484068477e-07,2.533768030156157279e-05,4.035911777219917308e-06
1.196852398722265272e-09,1.099828423074644370e-04,6.788899657527069001e-08,7.290014850178937493e-04,1.129289919160561262e-01,-2.926472674192188889e-08,1.780554324785741849e-08,9.738703209794350172e-07,2.540188013131033749e-05,4.046137845506152224e-06
1.197622690788261595e-09,1.100536270683218402e-04,6.793268981220300575e-08,7.294706690715066066e-04,1.130016728135391918e-01,-2.928356146778024664e-08,1.781700286368742550e-08,9.744971021784872264e-07,2.541822873598993307e-05,4.048741932596295892e-06
1.196276094888823622e-09,1.099298837858436728e-04,6.785630692279842365e-08,7.286504589842332817e-04,1.128746147756356372e-01,-2.925063530155380540e-08,1.779696959011883199e-08,9.734013866314279297e-07,2.538964871421001195e-05,4.044189564537263693e-06
7.888729157488651633e-10,7.249221841061015078e-05,4.474719750971260787e-08,4.805016288435165787e-04,7.443409331050866717e-02,-1.928905380324257330e-08,1.173604266777202463e-08,6.419003049102031705e-07,1.674296284661585282e-05,2.666902420978445585e-06
1.198123583697386515e-09,1.100996558233262323e-04,6.796110193472408914e-08,7.297757623937715932e-04,1.130489345572143201e-01,-2.929580900484342546e-08,1.782445463498812259e-08,9.749046751914223449e-07,2.542885963888973959e-05,4.050435275700524581e-06
9.839896053833368257e-10,9.042215541080523308e-05,5.581479138220202809e-08,5.993469907671408053e-04,9.284432592560998287e-02,-2.405993165838754583e-08,1.463878878698797592e-08,8.006653734897768763e-07,2.088410069035014335e-05,3.326523459514805356e-06
1.198132881044135700e-09,1.101005101881773017e-04,6.796162930764183792e-08,7.297814253974920645e-04,1.130498118082412656e-01,-2.929603633806540893e-08,1.782459295138353658e-08,9.749122403766303533e-07,2.542905696488241302e-05,4.050466706766364647e-06
1.197802222722080897e-09,1.100701248690426993e-04,6.794287339277921386e-08,7.295800217757349333e-04,1.130186125467298602e-01,-2.928795127640684352e-08,1.781967375578356527e-08,9.746431860416281894e-07,2.542203910447605057e-05,4.049348867045923425e-06
1.073753158379806456e-09,9.867083394853307565e-05,6.090644474603137426e-08,6.540218725694153410e-04,1.013139647561932116e-01,-2.625477694810759610e-08,1.597419892333083780e-08,8.737053408761078726e-07,2.278923370074565678e-05,3.629982523735132481e-06
9.189877229570280269e-10,8.444891109746025524e-05,5.212769297463150226e-08,5.597544153849746615e-04,8.671107418722875937e-02,-2.247054408733260418e-08,1.367175740536615426e-08,7.477738020893616643e-07,1.950450699319468845e-05,3.106774911744830157e-06
8.805228846549489536e-10,8.091424612968640690e-05,4.994585394540283287e-08,5.363255245099387766e-04,8.308172488876452988e-02,-2.153002461869613088e-08,1.309951696649442367e-08,7.164752355629804423e-07,1.868813296673766172e-05,2.976738795226645723e-06
1.184058627608399000e-09,1.088071791158826520e-04,6.716329615952910566e-08,7.212088130468599645e-04,1.117218358154073721e-01,-2.895190102001524791e-08,1.761521063448393241e-08,9.634601200269201212e-07,2.513034636439906414e-05,4.002886596191013883e-06
1.189234074832916644e-09,1.092827685842017094e-04,6.745686278418213194e-08,7.243611722820780070e-04,1.122101650683741264e-01,-2.907844799352212157e-08,1.769220563360122450e-08,9.676713447820643427e-07,2.524018955823271277e-05,4.020382966591320389e-06
6.676407839674446733e-10,6.135178501502332529e-05,3.787055358260167732e-08,4.066592701743177297e-04,6.299523715370428101e-02,-1.632475744329750625e-08,9.932475270682363449e-09,5.432545778205167171e-07,1.416994374846933454e-05,2.257059137866956282e-06
7.406042632061263702e-10,6.805664756940256086e-05,4.200925723348031241e-08,4.511012454536891423e-04,6.987970525178298364e-02,-1.810881726917032333e-08,1.101795112926396007e-08,6.026244441647795722e-07,1.571851361018578860e-05,2.503723049810153051e-06
1.197777692604118033e-09,1.100678707129758429e-04,6.794148197216948926e-08,7.295650805077541620e-04,1.130162980077807772e-01,-2.928735148047553059e-08,1.781930882183119701e-08,9.746232260583588007e-07,2.542151847961305984e-05,4.049265939327559215e-06
1.143044120563369104e-09,1.050382164054701966e-04,6.483683240235315647e-08,6.962269217334249218e-04,1.078519125571393150e-01,-2.794903855977468333e-08,1.700503883739394188e-08,9.300869061006258586e-07,2.425985841390919186e-05,3.864230944627931580e-06
1.003637639789983694e-09,9.222768019573680841e-05,5.692928581941723261e-08,6.113145870015800022e-04,9.469821594667136855e-02,-2.454035377103923910e-08,1.493109210420271716e-08,8.166528399431539008e-07,2.130110868176690248e-05,3.392946567065419947e-06
9.366689343821427606e-10,8.607369782141165821e-05,5.313062341381324471e-08,5.705240218958398382e-04,8.837938465243275199e-02,-2.290287460810068867e-08,1.393480034620036944e-08,7.621608786112991770e-07,1.987977132292875274e-05,3.166548881181602441e-06
1.140331567163798782e-09,1.047889506370980664e-04,6.468296837647137763e-08,6.945747084291041106e-04,1.075959696177601760e-01,-2.788271280891681182e-08,1.696468424820672154e-08,9.278797206091369260e-07,2.420228744159946639e-05,3.855060753734153932e-06
1.197870236154413090e-09,1.100763748549314863e-04,6.794673131517597988e-08,7.296214486828657766e-04,1.130250299532189195e-01,-2.928961430061442383e-08,1.782068558991792922e-08,9.746985280898597336e-07,2.542348261501858721e-05,4.049578796586821781e-06
1.197851468906555002e-09,1.100746502686216540e-04,6.794566678154851030e-08,7.296100175727532593e-04,1.130232591698007577e-01,-2.928915541497334716e-08,1.782040639004020339e-08,9.746832573131833376e-07,2.542308430075611748e-05,4.049515351109421659e-06
1.048575612193098580e-09,9.635718349765222575e-05,5.947830009873157775e-08,6.386862567668222853e-04,9.893833772580894192e-02,-2.563915048491737283e-08,1.559963319744772059e-08,8.532185498461526587e-07,2.225486788344182066e-05,3.544866077804310949e-06
1.146584131121672397e-09,1.053635200297234939e-04,6.503763223775945327e-08,6.983831382867251815e-04,1.081859302055545730e-01,-2.803559680351707028e-08,1.705770348606827280e-08,9.329673876222953797e-07,2.433499125732546382e-05,3.876198477724521200e-06
1.197027325900899286e-09,1.099989169615517054e-04,6.789891896055719815e-08,7.291080329707826926e-04,1.129454971676334546e-01,-2.926900395779906844e-08,1.780814563512565542e-08,9.740126579858912682e-07,2.540559276891553455e-05,4.046729212894840572e-06
1.069174569996531455e-09,9.825009187149323110e-05,6.064673371449267071e-08,6.512330594005931450e-04,1.008819521111303658e-01,-2.614282401385828757e-08,1.590608337828988422e-08,8.699797759332519445e-07,2.269205818151978833e-05,3.614503923569948370e-06
1.198011250678672397e-09,1.100893331597326805e-04,6.795473007472622796e-08,7.297073404751235840e-04,1.130383353767507870e-01,-2.929306230433108923e-08,1.782278345947390616e-08,9.748132706096138823e-07,2.542647549371092696e-05,4.050055517194961449e-06
1.195964304012064198e-09,1.099012322605025824e-04,6.783862122505732026e-08,7.284605475027379181e-04,1.128451957516702214e-01,-2.924301157550477291e-08,1.779233108503135893e-08,9.731476846030472427e-07,2.538303129464688427e-05,4.043135509026586928e-06
1.176691869789471836e-09,1.081302226554357789e-04,6.674543193761341468e-08,7.167217289289700517e-04,1.110267454809022031e-01,-2.877177341633163734e-08,1.750561556237526428e-08,9.574658413595125576e-07,2.497399500539058687e-05,3.977982173856512402e-06
1.086469295861535217e-09,9.983936312130833554e-05,6.162774155328127380e-08,6.617672579801548794e-04,1.025137957365301888e-01,-2.656570441837275627e-08,1.616337658309769062e-08,8.840523718919379257e-07,2.305911977891952411e-05,3.672971320990675723e-06
8.027521178543361711e-10,7.376762555199957764e-05,4.553446677132893980e-08,4.889554356425450518e-04,7.574366523770982573e-02,-1.962841984156620987e-08,1.194252321090210814e-08,6.531937133737894029e-07,1.703753369643642290e-05,2.713823131472344018e-06
6.598522644051691581e-10,6.063607143184394021e-05,3.742876579117957325e-08,4.019152914405562890e-04,6.226035149560203708e-02,-1.613431717099873268e-08,9.816605659650183851e-09,5.369171146093759695e-07,1.400464095880830179e-05,2.230728887123396557e-06
1.197273238746058609e-09,1.100215147302485187e-04,6.791286786212657278e-08,7.292578182153939582e-04,1.129687002708170268e-01,-2.927501687319582389e-08,1.781180407438212680e-08,9.742127555264937907e-07,2.541081199947576135e-05,4.047560557904933549e-06
1.188356023375967139e-09,1.092020814459793035e-04,6.740705711690236315e-08,7.238263521014763439e-04,1.121273165350131357e-01,-2.905697839879147237e-08,1.767914288400298861e-08,9.669568805297232704e-07,2.522155387860976021e-05,4.017414582825655130e-06
6.849081336633982743e-10,6.293854057544611368e-05,3.885000856437225889e-08,4.171767939592991355e-04,6.462449770104312929e-02,-1.674696846192333046e-08,1.018936120090685178e-08,5.573048979843189059e-07,1.453642431669169639e-05,2.315433986069604226e-06
1.197456775688721047e-09,1.100383805648693779e-04,6.792327861861178045e-08,7.293696103661214715e-04,1.129860178965629847e-01,-2.927950460992910455e-08,1.781453454889481133e-08,9.743620982369675105e-07,2.541470736988413458e-05,4.048181031883635740e-06
1.174952215565826698e-09,1.079703599051476609e-04,6.664675362125854376e-08,7.156621074469820230e-04,1.108626004301269397e-01,-2.872923642051263786e-08,1.747973476993293750e-08,9.560502970376034520e-07,2.493707275156367969e-05,3.972101013573172605e-06
1.192141733164956013e-09,1.095499632091680560e-04,6.762179373703531492e-08,7.261322237870458532e-04,1.124845171310211861e-01,-2.914954433475588432e-08,1.773546279399660265e-08,9.700372857754106678e-07,2.530190141885322371e-05,4.030212738776784496e-06
1.007724370462129614e-09,9.260322379288176255e-05,5.716109723150244174e-08,6.138038101773393923e-04,9.508381936404396162e-02,-2.464028009154113780e-08,1.499189029435793599e-08,8.199781837496987378e-07,2.138784506026572863e-05,3.406762368959299549e-06
1.193366282110105647e-09,1.096624911814359459e-04,6.769125376337796005e-08,7.268780952081536732e-04,1.126000594302013214e-01,-2.917948628106452943e-08,1.775368037807402150e-08,9.710336925800768880e-07,2.532789112782053172e-05,4.034352508923825758e-06
1.168872667639718725e-09,1.074116895448161624e-04,6.630190373937222663e-08,7.119590614647861330e-04,1.102889647676729423e-01,-2.858058291155706379e-08,1.738928948725538912e-08,9.511034119442291032e-07,2.480804101144567413e-05,3.951548196054776891e-06
1.197396202579826869e-09,1.100328142956362703e-04,6.791984273329571689e-08,7.293327153518464057e-04,1.129803025216914170e-01,-2.927802351210819873e-08,1.781363340426643101e-08,9.743128103272266381e-07,2.541342177205022340e-05,4.047976255464606871e-06
1.197271329638904925e-09,1.100213392958914951e-04,6.791275957194044892e-08,7.292566553803178989e-04,1.129685201370373426e-01,-2.927497019283721761e-08,1.781177567264267934e-08,9.742112020995226713e-07,2.541077148076925475e-05,4.047554103883774759e-06
1.082532255235485291e-09,9.947757505220707498e-05,6.140442100192177581e-08,6.593692108475007361e-04,1.021423163214352087e-01,-2.646943823031464847e-08,1.610480532802017093e-08,8.808488298158276084e-07,2.297556040755361050e-05,3.659661568599017266e-06
8.282620276510092415e-10,7.611181802672778028e-05,4.698146406244911005e-08,5.044934937558936570e-04,7.815065243202326539e-02,-2.025217306310606274e-08,1.232203350191085523e-08,6.739509463194429782e-07,1.757895356701312856e-05,2.800063182103448289e-06
6.476775038245550824e-10,5.951729122594862271e-05,3.673817747782996129e-08,3.944996581072562772e-04,6.111160212545758280e-02,-1.583662712841673782e-08,9.635482050521890309e-09,5.270105981440638973e-07,1.374624501188425211e-05,2.189570295138462884e-06
7.343520333784318538e-10,6.748210888113701867e-05,4.165461232504105862e-08,4.472930191143941240e-04,6.928977619083710737e-02,-1.795594144452351921e-08,1.092493686224874073e-08,5.975370490309816377e-07,1.558581688600655559e-05,2.482586455396636150e-06
9.295160968835238463e-10,8.541639922761564384e-05,5.272489338313810162e-08,5.661672364107193586e-04,8.770447876686093824e-02,-2.272797765752438930e-08,1.382838776135488545e-08,7.563406653935871850e-07,1.972796018821186141e-05,3.142367648360567246e-06
1.160293894817996497e-09,1.066233568987435762e-04,6.581529045327639772e-08,7.067337403363467769e-04,1.094795147739492103e-01,-2.837081983410761982e-08,1.726166329821671393e-08,9.441229252522864694e-07,2.462596596265621609e-05,3.922546376432719293e-06
1.195355259205733188e-09,1.098452650593970820e-04,6.780407440807693570e-08,7.280895789783552912e-04,1.127877293371949696e-01,-2.922811957223862798e-08,1.778327034065671090e-08,9.726521091572650521e-07,2.537010498628878283e-05,4.041076542320972099e-06
1.198107934141815950e-09,1.100982177323767266e-04,6.796021424579464425e-08,7.297662302666161780e-04,1.130474579436098331e-01,-2.929542635116959503e-08,1.782422181694070119e-08,9.748919412588815019e-07,2.542852749422834540e-05,4.050382370046388187e-06
1.019018993066463698e-09,9.364112512318860469e-05,5.780176152404444513e-08,6.206833524333989997e-04,9.614952332732415452e-02,-2.491644952105628509e-08,1.515992011279201475e-08,8.291685381766665583e-07,2.162756104348134814e-05,3.444945523389112860e-06
1.078691349035783209e-09,9.912462110288920768e-05,6.118655347864497477e-08,6.570297190886284326e-04,1.017799076688398335e-01,-2.637552266437215224e-08,1.604766426240274827e-08,8.777235116416324651e-07,2.289404138400100107e-05,3.646676812958100477e-06
1.060941756230226558e-09,9.749355058104430794e-05,6.017974424596489279e-08,6.462184615538416402e-04,1.001051450794078340e-01,-2.594152012254699715e-08,1.578360401347932539e-08,8.632807936746921858e-07,2.251732573442912291e-05,3.586671670077026044e-06
1.192591475614550081e-09,1.095912915742743021e-04,6.764730445469176061e-08,7.264061614204413283e-04,1.125269525737781495e-01,-2.916054117104552355e-08,1.774215360118819563e-08,9.704032380216623917e-07,2.531144670932241076e-05,4.031733160131978625e-06
1.198118607350713385e-09,1.100991985298855420e-04,6.796081966166970043e-08,7.297727313064641215e-04,1.130484650140912012e-01,-2.929568732615880700e-08,1.782438060200293535e-08,9.749006259733759767e-07,2.542875402138685046e-05,4.050418452419201501e-06
1.175699252254750578e-09,1.080390076502192441e-04,6.668912774464260528e-08,7.161171266758943306e-04,1.109330870668204377e-01,-2.874750251964974722e-08,1.749084841609897180e-08,9.566581555010217045e-07,2.495292778635827650e-05,3.974626482396449701e-06
9.456288681026241770e-10,8.689705664035797690e-05,5.363885726981237169e-08,5.759815077101858912e-04,8.922479907761071694e-02,-2.312195760633468138e-08,1.406809705641149279e-08,7.694515132272595557e-07,2.006993609395242784e-05,3.196839272008716588e-06
1.167883205125606354e-09,1.073207644651864889e-04,6.624577850847186500e-08,7.113563809313071251e-04,1.101956040455181057e-01,-2.855638915957245024e-08,1.737456927814190957e-08,9.502982933036644693e-07,2.478704075426714005e-05,3.948203170611928803e-06
1.196042806233893452e-09,1.099084460969735076e-04,6.784307410251705721e-08,7.285083631200619039e-04,1.128526028277506144e-01,-2.924493106538749517e-08,1.779349896062514355e-08,9.732115613050131385e-07,2.538469741824832124e-05,4.043400897483040318e-06
7.392641711417242654e-10,6.793350194647196447e-05,4.193324326077334386e-08,4.502849968452116961e-04,6.975326088314638684e-02,-1.807605013087021862e-08,1.099801461308677977e-08,6.015340207422300220e-07,1.569007162517476557e-05,2.499192668934425377e-06
1.198133492938621075e-09,1.101005664172451310e-04,6.796166401610101979e-08,7.297817981017529643e-04,1.130498695435371848e-01,-2.929605129974734386e-08,1.782460205452251620e-08,9.749127382708398622e-07,2.542906995167208605e-05,4.050468775366835076e-06
1.172517575116459847e-09,1.077466325040880672e-04,6.650865363724587729e-08,7.141791706162017297e-04,1.106328799634106047e-01,-2.866970603268736230e-08,1.744351468476582430e-08,9.540692473455731777e-07,2.488540017696410942e-05,3.963870348812088473e-06
1.110038026092120375e-09,1.020051739958196342e-04,6.296462941649303445e-08,6.761229457461863639e-04,1.047376229591041041e-01,-2.714199306565164459e-08,1.651400799417710252e-08,9.032300807716975667e-07,2.355934024119512470e-05,3.752648924894300235e-06
1.097618863499146529e-09,1.008639348567979714e-04,6.226017790046462912e-08,6.685584474148783445e-04,1.035658130403844662e-01,-2.683832704966263707e-08,1.632924842241416594e-08,8.931246961197327469e-07,2.329575712948079414e-05,3.710664095494642029e-06
9.828096753282868304e-10,9.031372762027989234e-05,5.574786227084972980e-08,5.986282966631167358e-04,9.273299364120254906e-02,-2.403108070678108058e-08,1.462123499702434463e-08,7.997052727600030719e-07,2.085905796841241007e-05,3.322534530173238628e-06
1.179146376834852127e-09,1.083557756656505810e-04,6.688465881352200432e-08,7.182167664816200723e-04,1.112583404600170495e-01,-2.883178957040866456e-08,1.754213120239515571e-08,9.594630563600276598e-07,2.502608922671208585e-05,3.986280000605222548e-06
1.132318432758155491e-09,1.040525964311281044e-04,6.422843976893157501e-08,6.896939170402927814e-04,1.068398904291457535e-01,-2.768678038736024135e-08,1.684547304775886899e-08,9.213594898906236836e-07,2.403221744811862340e-05,3.827971159048615999e-06
1.166163794309596683e-09,1.071627619505566059e-04,6.614824845787901618e-08,7.103090896867351491e-04,1.100333690611968868e-01,-2.851434714358004653e-08,1.734898964636945752e-08,9.488992208991888517e-07,2.475054814457576871e-05,3.942390446184040787e-06
1.069609573198821723e-09,9.829006579697628870e-05,6.067140837858830968e-08,6.514980193746014534e-04,1.009229968324070748e-01,-2.615346045479325823e-08,1.591255491006740713e-08,8.703337349583530127e-07,2.270129064762263643e-05,3.615974516703723519e-06
1.197824263788324519e-09,1.100721502976716192e-04,6.794412362703727429e-08,7.295934469650399096e-04,1.130206922312375767e-01,-2.928849021151814728e-08,1.782000166017565970e-08,9.746611207011403698e-07,2.542250690194487929e-05,4.049423380154121283e-06
1.158309781078910860e-09,1.064410299311752204e-04,6.570274567249846423e-08,7.055252188312873245e-04,1.092923037488963828e-01,-2.832230545885029921e-08,1.723214568766784897e-08,9.425084659538752257e-07,2.458385532359918353e-05,3.915838784336924223e-06
1.166492867799942282e-09,1.071930016341089605e-04,6.616691447641474515e-08,7.105095279892342667e-04,1.100644187859337875e-01,-2.852239345387132050e-08,1.735388526446766526e-08,9.491669856678526997e-07,2.475753236866645423e-05,3.943502928144774926e-06
1.197738486102650177e-09,1.100642678940543607e-04,6.793925806381896281e-08,7.295411998706574598e-04,1.130125986788643316e-01,-2.928639282629796870e-08,1.781872554768793090e-08,9.745913240057668442e-07,2.542068636459894935e-05,4.049133395908213318e-06
1.148081522565327353e-09,1.055011204282320077e-04,6.512256869500235345e-08,6.992951977747981175e-04,1.083272165549959976e-01,-2.807221013317328832e-08,1.707998014118250038e-08,9.341858044357812479e-07,2.436677174922403271e-05,3.881260632586873478e-06
1.156287464935743497e-09,1.062551924146132326e-04,6.558803393873399674e-08,7.042934282837490017e-04,1.091014881365224010e-01,-2.827285698101063490e-08,1.720205974090745780e-08,9.408629216298041782e-07,2.454093388039433029e-05,3.909002043322590879e-06
1.108271118586510838e-09,1.018428068486519421e-04,6.286440521363793497e-08,6.750467243200074024e-04,1.045709064252771936e-01,-2.709878968870631860e-08,1.648772175533956495e-08,9.017923606472562181e-07,2.352183956633453185e-05,3.746675630830982056e-06
1.193808785884457805e-09,1.097031543600258632e-04,6.771635388203386307e-08,7.271476237723884873e-04,1.126418118678535890e-01,-2.919030612154987670e-08,1.776026349567479947e-08,9.713937547675468764e-07,2.533728278534299857e-05,4.035848458858919138e-06
1.032108686183434585e-09,9.484398159527642890e-05,5.854424750822937091e-08,6.286562701723679911e-04,9.738460114457896111e-02,-2.523651095270209636e-08,1.535465515041589246e-08,8.398195287674495371e-07,2.190537543050844293e-05,3.489197181123332472e-06
1.170578906587003791e-09,1.075684816515775602e-04,6.639868664273816624e-08,7.129983297385465322e-04,1.104499569204985682e-01,-2.862230285680847852e-08,1.741467316146575724e-08,9.524917664924039443e-07,2.484425406266282943e-05,3.957316391018046096e-06
9.315416318898356538e-10,8.560253253647250482e-05,5.283978770030987724e-08,5.674009875642730023e-04,8.789559809502345278e-02,-2.277750484110124295e-08,1.385852159506189710e-08,7.579888288838036105e-07,1.977094994825832918e-05,3.149215271221318569e-06
1.052393980827990080e-09,9.670806639339724607e-05,5.969488922488783036e-08,6.410120209196563555e-04,9.929861984678103881e-02,-2.573251497565935727e-08,1.565643897227626986e-08,8.563255293634678991e-07,2.233590857188779531e-05,3.557774641849653953e-06
1.094750408701400404e-09,1.006003427780893523e-04,6.209747068765509659e-08,6.668112747397046290e-04,1.032951600266861503e-01,-2.676818929005484158e-08,1.628657449201947449e-08,8.907906547646096415e-07,2.323487732089937109e-05,3.700966856697548424e-06
1.197701762354838129e-09,1.100608932238202802e-04,6.793717498457535235e-08,7.295188314760925850e-04,1.130091336101355370e-01,-2.928549487894388700e-08,1.781817920940880097e-08,9.745614421522421576e-07,2.541990694330950056e-05,4.049009245807490993e-06
1.197622973761609462e-09,1.100536530717063173e-04,6.793270586328555620e-08,7.294708414302627803e-04,1.130016995134856123e-01,-2.928356838687713107e-08,1.781700707347485615e-08,9.744973324318966016e-07,2.541823474178903886e-05,4.048742889229856711e-06
1.194558531999248314e-09,1.097720510834661843e-04,6.775888169204090964e-08,7.276042933096281808e-04,1.127125541523881502e-01,-2.920863846996525983e-08,1.777141744990179613e-08,9.720038178716053178e-07,2.535319532473144532e-05,4.038383087299998221e-06
1.194359290645490329e-09,1.097537421170348209e-04,6.774758013505914273e-08,7.274829356193051200e-04,1.126937547371453935e-01,-2.920376673826330195e-08,1.776845334125741439e-08,9.718416965930384816e-07,2.534896664541328931e-05,4.037709522219883747e-06
1.195023034944335347e-09,1.098147358407640698e-04,6.778522966851811131e-08,7.278872215446595493e-04,1.127563823214979832e-01,-2.921999622115772005e-08,1.777832784861623427e-08,9.723817806285087974e-07,2.536305389053649767e-05,4.039953408709281504e-06
1.194013074481715143e-09,1.097219271348487000e-04,6.772794173354704328e-08,7.272720557331982744e-04,1.126610875156885822e-01,-2.919530126546370343e-08,1.776330269203468135e-08,9.715599829524057915e-07,2.534161858687146058e-05,4.036539086897640551e-06
1.195534264482209939e-09,1.098617144637814287e-04,6.781422811509599576e-08,7.281986108961731622e-04,1.128046193776391926e-01,-2.923249650335147553e-08,1.778593339768471471e-08,9.727977644830558664e-07,2.537390417705014231e-05,4.041681696326988892e-06
1.172606234464828853e-09,1.077547797135026514e-04,6.651368265686785048e-08,7.142331729281749166e-04,1.106412454150284691e-01,-2.867187387861882849e-08,1.744483366767749732e-08,9.541413888294738468e-07,2.488728187444175376e-05,3.964170074948056619e-06
1.114551206606846455e-09,1.024199055210989098e-04,6.322063032089438414e-08,6.788719190539239468e-04,1.051634640456134556e-01,-2.725234668539742772e-08,1.658115046799102995e-08,9.069024237951203652e-07,2.365512755011344237e-05,3.767906404015141879e-06
1.161780527068090142e-09,1.067599685983197134e-04,6.589961661734059882e-08,7.076392464114072620e-04,1.096197859398274771e-01,-2.840717008632849829e-08,1.728377988907700931e-08,9.453325873861659431e-07,2.465751810246605155e-05,3.927572158238291865e-06
7.221674792642036568e-10,6.636242871409003862e-05,4.096346849359189107e-08,4.398714205504976283e-04,6.814010275196077937e-02,-1.765801193625188569e-08,1.074366755496543372e-08,5.876225636367234512e-07,1.532721308206756210e-05,2.441394754912241632e-06
1.152672856541335382e-09,1.059230337411879667e-04,6.538300269413700644e-08,7.020917742701925134e-04,1.087604318102890211e-01,-2.818447471511524031e-08,1.714828530208825953e-08,9.379217403771824306e-07,2.446421777968349262e-05,3.896782321127178860e-06
9.551704661221981187e-10,8.777386657236660038e-05,5.418008483969903133e-08,5.817932846119485291e-04,9.012509642987326375e-02,-2.335526311587136506e-08,1.421004717187482819e-08,7.772154439641653820e-07,2.027244605208353931e-05,3.229096065657474329e-06
1.197862716689741223e-09,1.100756838657183321e-04,6.794630478897116413e-08,7.296168685851711156e-04,1.130243204542313584e-01,-2.928943043911311943e-08,1.782057372302978292e-08,9.746924095547075356e-07,2.542332302262402701e-05,4.049553375916219560e-06
1.195018636176727591e-09,1.098143316230304034e-04,6.778498015745110461e-08,7.278845422601282244e-04,1.127559672758397802e-01,-2.921988866509468762e-08,1.777826240826038082e-08,9.723782013824576250e-07,2.536296053151611006e-05,4.039938538020038146e-06
1.197686891419153481e-09,1.100595266829033426e-04,6.793633146126132381e-08,7.295097736054568594e-04,1.130077304631998680e-01,-2.928513126362283767e-08,1.781795797486997934e-08,9.745493417771884036e-07,2.541959132400163052e-05,4.048958972393879999e-06
9.709778116996661719e-10,8.922645738289786176e-05,5.507672408353437154e-08,5.914215214876631255e-04,9.161659830833206175e-02,-2.374177497759599130e-08,1.444521265728799433e-08,7.900777691162027542e-07,2.060793963339875576e-05,3.282535152420611098e-06
1.195749428773084228e-09,1.098814866431233956e-04,6.782643286801446296e-08,7.283296672300515907e-04,1.128249212013984898e-01,-2.923775757329107485e-08,1.778913439146694162e-08,9.729728421427911161e-07,2.537847080325330632e-05,4.042409091268284646e-06
9.870925480741886379e-10,9.070729538046346711e-05,5.599079943961778283e-08,6.012369897611447890e-04,9.313710404129514620e-02,-2.413580297722399073e-08,1.468495118791274204e-08,8.031902159829252686e-07,2.094995724740888459e-05,3.337013419569441678e-06
8.889538553247121530e-10,8.168899673273598738e-05,5.042408345769424517e-08,5.414608195095237282e-04,8.387722901243643836e-02,-2.173617372537225750e-08,1.322494430660933497e-08,7.233354566905781249e-07,1.886707107687768438e-05,3.005240947653878548e-06
8.718451960654335911e-10,8.011682377689433119e-05,4.945362986533765170e-08,5.310399538956900528e-04,8.226294169910669529e-02,-2.131784291141562244e-08,1.297041921004842725e-08,7.094142618112856118e-07,1.850395853921173097e-05,2.947402576114716176e-06
1.186148445679104410e-09,1.089992196144161753e-04,6.728183680163043997e-08,7.224817189445194472e-04,1.119190205712424918e-01,-2.900300001504990443e-08,1.764630080573464591e-08,9.651605901913941529e-07,2.517470046201793413e-05,4.009951537528083963e-06
1.197931915948401004e-09,1.100820428212262138e-04,6.795022997493326117e-08,7.296590177778191624e-04,1.130308497493475589e-01,-2.929112245844447928e-08,1.782160319867281347e-08,9.747487165014240934e-07,2.542479170103042663e-05,4.049787314319688127e-06
1.194234917475283385e-09,1.097423130429228086e-04,6.774052532217223233e-08,7.274071800575717273e-04,1.126820195083503701e-01,-2.920072563909015670e-08,1.776660304471011007e-08,9.717404950252261107e-07,2.534632696121788035e-05,4.037289060188411462e-06
1.198123756979188095e-09,1.100996717467810342e-04,6.796111176377875503e-08,7.297758679395272138e-04,1.130489509072163806e-01,-2.929581324182751902e-08,1.782445721289715674e-08,9.749048161895971827e-07,2.542886331660602336e-05,4.050435861505471747e-06
1.091800596739888968e-09,1.003292745125739622e-04,6.193014865666235212e-08,6.650145475052009116e-04,1.030168305588996108e-01,-2.669606223321321033e-08,1.624269021313110753e-08,8.883904136614853961e-07,2.317227079570360749e-05,3.690994577887446185e-06
1.123426399517449721e-09,1.032354772184755349e-04,6.372405742832722739e-08,6.842777893337992313e-04,1.060008827528199221e-01,-2.746935765148475117e-08,1.671318649128975215e-08,9.141241054141996909e-07,2.384349379034330266e-05,3.797910315909454965e-06
6.582886258547891971e-10,6.049238336112118465e-05,3.734007160273576274e-08,4.009628809123449013e-04,6.211281440130034942e-02,-1.609608400628363879e-08,9.793343447983540336e-09,5.356447929942963646e-07,1.397145444469190003e-05,2.225442774047015257e-06
1.162968418054498868e-09,1.068691279459352825e-04,6.596699729618971344e-08,7.083627895100014617e-04,1.097318693778057269e-01,-2.843621569391850354e-08,1.730145211361766339e-08,9.462991658694086843e-07,2.468272978644481879e-05,3.931588000694366548e-06
1.196797877242737471e-09,1.099778321430601278e-04,6.788590395621349111e-08,7.289682760444366350e-04,1.129238475425916599e-01,-2.926339361496182963e-08,1.780473213316799894e-08,9.738259572376530173e-07,2.540072297267571510e-05,4.045953527521790478e-06
1.172867955475295492e-09,1.077788301483377503e-04,6.652852824417855004e-08,7.143925869089583908e-04,1.106659400974360913e-01,-2.867827332592085250e-08,1.744872728461448398e-08,9.543543493622366236e-07,2.489283661598115836e-05,3.965054861816131495e-06
6.884233048561031703e-10,6.326156162581435282e-05,3.904939943773124747e-08,4.193178808822227389e-04,6.495617163145285533e-02,-1.683291934819419112e-08,1.024165631495947001e-08,5.601651678901083948e-07,1.461102997180292872e-05,2.327317545990125769e-06
1.040844823734754237e-09,9.564677502219262107e-05,5.903978698572534371e-08,6.339774419852260657e-04,9.820889928523837686e-02,-2.545012181941561183e-08,1.548462245060705688e-08,8.469280620254409904e-07,2.209079037317486743e-05,3.518730995658590318e-06
1.197582391917098615e-09,1.100499238678294368e-04,6.793040394142287724e-08,7.294461230732250277e-04,1.129978704140949114e-01,-2.928257610362519226e-08,1.781640333838748357e-08,9.744643112724102161e-07,2.541737343662653898e-05,4.048605696258450920e-06
1.197093167635417475e-09,1.100049673827335561e-04,6.790265369785144774e-08,7.291481370991540704e-04,1.129517096636046408e-01,-2.927061388093658272e-08,1.780912516096587734e-08,9.740662329389913205e-07,2.540699018755266961e-05,4.046951800687731490e-06
9.857454180295938466e-10,9.058350301356802366e-05,5.591438625192515880e-08,6.004164543266415129e-04,9.300999560413253375e-02,-2.410286375039620255e-08,1.466490996787998990e-08,8.020940658057345653e-07,2.092136588898355523e-05,3.332459245753128054e-06
1.197864738976009399e-09,1.100758697004895959e-04,6.794641949901033941e-08,7.296181003575219004e-04,1.130245112670248964e-01,-2.928947988686047837e-08,1.782060380853209405e-08,9.746940550747225933e-07,2.542336594343317285e-05,4.049560212556238312e-06
1.133982201083367056e-09,1.042054857678109274e-04,6.432281361340305873e-08,6.907073165046710359e-04,1.069968752669992751e-01,-2.772746186608824921e-08,1.687022488758523206e-08,9.227132863943856247e-07,2.406752910694005991e-05,3.833595775746531267e-06
1.198130367828714039e-09,1.101002792402544880e-04,6.796148675065373840e-08,7.297798946007317709e-04,1.130495746738340995e-01,-2.929597488640885015e-08,1.782455556234046824e-08,9.749101953910397534e-07,2.542900362464016250e-05,4.050458210467203296e-06
7.397027932760077255e-10,6.797380842793865460e-05,4.195812320136083500e-08,4.505521611067327776e-04,6.979464706870240620e-02,-1.808677505978916013e-08,1.100453998362519270e-08,6.018909244666654057e-07,1.569938089914196637e-05,2.500675496406965546e-06
1.174135272052632418e-09,1.078952881839549129e-04,6.660041417670495000e-08,7.151645080479833612e-04,1.107855177359736154e-01,-2.870926100106848872e-08,1.746758112168795282e-08,9.553855558863420554e-07,2.491973402105826326e-05,3.969339214315465987e-06
1.154058419866846913e-09,1.060503578731356017e-04,6.546159593083092993e-08,7.029357193740019003e-04,1.088911666191534483e-01,-2.821835368978915369e-08,1.716889829308145020e-08,9.390491634428786566e-07,2.449362484236437040e-05,3.901466424375567639e-06
1.072040616952572762e-09,9.851346268542867713e-05,6.080930434742198806e-08,6.529787654620219147e-04,1.011523779329571437e-01,-2.621290289834530296e-08,1.594872148728365812e-08,8.723118580446315661e-07,2.275288688630058696e-05,3.624193022299429383e-06
1.165963687181869967e-09,1.071443734252072223e-04,6.613689779164529291e-08,7.101872046544360122e-04,1.100144879558629801e-01,-2.850945424248523694e-08,1.734601265762736312e-08,9.487363951464747701e-07,2.474630109015421936e-05,3.941713954226038683e-06
6.422173604381532352e-10,5.901554005789825315e-05,3.642846204754327315e-08,3.911738907516934104e-04,6.059641036998150015e-02,-1.570311893279850694e-08,9.554251633713707792e-09,5.225677181381535956e-07,1.363035945410852574e-05,2.171111466947788510e-06
1.197983893193415533e-09,1.100868191872577577e-04,6.795317827750805454e-08,7.296906770608213230e-04,1.130357540615988948e-01,-2.929239337528750756e-08,1.782237646284891485e-08,9.747910100176004645e-07,2.542589486107658771e-05,4.049963031140228442e-06
1.196967075950433576e-09,1.099933803884469802e-04,6.789550140573991662e-08,7.290713347919524885e-04,1.129398122843710411e-01,-2.926753076165686037e-08,1.780724929811714532e-08,9.739636330278752364e-07,2.540431402976501049e-05,4.046525528961024512e-06
1.105591745461156007e-09,1.015965901286592851e-04,6.271242327073064112e-08,6.734147210843653957e-04,1.043180942102235192e-01,-2.703327524228263037e-08,1.644786078826327134e-08,8.996121737099208005e-07,2.346497280897165717e-05,3.737617610797515129e-06
1.198133562853205476e-09,1.101005728419343486e-04,6.796166798186234791e-08,7.297818406866496193e-04,1.130498761403268271e-01,-2.929605300925739524e-08,1.782460309464003838e-08,9.749127951598418011e-07,2.542907143553249405e-05,4.050469011723503295e-06
1.188777448482077996e-09,1.092408076339697971e-04,6.743096159135219506e-08,7.240830416719751554e-04,1.121670800952082048e-01,-2.906728283615206992e-08,1.768541241478272503e-08,9.672997911541202080e-07,2.523049816450598169e-05,4.018839273182378915e-06
6.712722571407326868e-10,6.168549345040593270e-05,3.807654144717690305e-08,4.088711965062161884e-04,6.333788475592108669e-02,-1.641355207678810939e-08,9.986500606395810109e-09,5.462094818242800959e-07,1.424701778562413513e-05,2.269335873959950938e-06
1.198026911341079529e-09,1.100907722713272212e-04,6.795561839366820434e-08,7.297168793674408890e-04,1.130398130383406946e-01,-2.929344522958271763e-08,1.782301644275745765e-08,9.748260135797091284e-07,2.542680787410275250e-05,4.050108460397413638e-06
6.005137180590206454e-10,5.518325035506799924e-05,3.406290850253154090e-08,3.657722478611420323e-04,5.666146375657205025e-02,-1.468340614309188164e-08,8.933827587467436596e-09,4.886337596708138099e-07,1.274524536160664169e-05,2.030126090717767076e-06
8.116994486403359607e-10,7.458982624438226618e-05,4.604198575172871901e-08,4.944052450233037913e-04,7.658789051317499430e-02,-1.984719468030271849e-08,1.207563242757166890e-08,6.604740930712133507e-07,1.722743098399150274e-05,2.744070916201809909e-06
1.133980305318099192e-09,1.042053115594852110e-04,6.432270608000802425e-08,6.907061617961228559e-04,1.069966963920930131e-01,-2.772741551195753351e-08,1.687019668433267942e-08,9.227117438236123853e-07,2.406748887140044873e-05,3.833589366829604174e-06
1.196284566278640587e-09,1.099306622506997808e-04,6.785678744500390452e-08,7.286556188984910859e-04,1.128754140935073896e-01,-2.925084243896555480e-08,1.779709561877358979e-08,9.734082797413293068e-07,2.538982851017223893e-05,4.044218203332639399e-06
7.934421266926869402e-10,7.291209876280762029e-05,4.500637662523927606e-08,4.832847302242400194e-04,7.486522114739854739e-02,-1.940077744589048616e-08,1.180401870488040733e-08,6.456182394969851449e-07,1.683993933996920389e-05,2.682349319312471724e-06
1.196085681928931567e-09,1.099123860905861113e-04,6.784550613834429535e-08,7.285344786589431848e-04,1.128566483633768325e-01,-2.924597943651538126e-08,1.779413682126953099e-08,9.732464489544288791e-07,2.538560740787366448e-05,4.043545845157901006e-06
1.195410782453406397e-09,1.098503672796873629e-04,6.780722385037671031e-08,7.281233981276923886e-04,1.127929682324792515e-01,-2.922947719384068391e-08,1.778409635862580873e-08,9.726972880306923750e-07,2.537128340635411464e-05,4.041264246931796237e-06
8.128397577866792549e-10,7.469461313469382769e-05,4.610666744833014526e-08,4.950998060752356779e-04,7.669548436727652296e-02,-1.987507684489099816e-08,1.209259677826588897e-08,6.614019545481596225e-07,1.725163279557576703e-05,2.747925901158619860e-06
1.080779572765692452e-09,9.931651509201810653e-05,6.130500368503596678e-08,6.583016538750554713e-04,1.019769419906706581e-01,-2.642658267552894352e-08,1.607873071468524820e-08,8.794226845022915084e-07,2.293836164348424231e-05,3.653736364388577680e-06
8.038963804755495350e-10,7.387277574057886983e-05,4.559937272068050288e-08,4.896524047516896639e-04,7.585163212187932824e-02,-1.965639867418295572e-08,1.195954637734324366e-08,6.541247917652396860e-07,1.706181941619086361e-05,2.717691481739955864e-06
1.051268425949508160e-09,9.660463532299906945e-05,5.963104443385752883e-08,6.403264466761168653e-04,9.919241813142427866e-02,-2.570499357369953649e-08,1.563969412045657676e-08,8.554096733297936939e-07,2.231201990346474653e-05,3.553969535893495994e-06
1.195704319434558491e-09,1.098773413924049650e-04,6.782387413334345225e-08,7.283021911813688121e-04,1.128206649103711684e-01,-2.923665458643415334e-08,1.778846330096417230e-08,9.729361369934877378e-07,2.537751340699353518e-05,4.042256592428837018e-06
1.060971325084495792e-09,9.749626776374768734e-05,6.018142147855293558e-08,6.462364719105870075e-04,1.001079350482530356e-01,-2.594224312267732328e-08,1.578404390858588993e-08,8.633048536420105114e-07,2.251795330094657268e-05,3.586771631994163645e-06
9.388158460044870556e-10,8.627098484081390677e-05,5.325240257048481794e-08,5.718317034132617410e-04,8.858195646956161518e-02,-2.295536962088090875e-08,1.396673989679306716e-08,7.639078053944172335e-07,1.992533716859320574e-05,3.173806835776001952e-06
1.196755206925526077e-09,1.099739110223153516e-04,6.788348357002207636e-08,7.289422856009647542e-04,1.129198213853875171e-01,-2.926235026561105302e-08,1.780409732792441449e-08,9.737912367027204205e-07,2.539981734196960329e-05,4.045809274157270992e-06
1.197725151335905647e-09,1.100630425169321202e-04,6.793850167653609422e-08,7.295330776788403393e-04,1.130113404771282554e-01,-2.928606677247097570e-08,1.781852716669606785e-08,9.745804736005007829e-07,2.542040334879283261e-05,4.049088315742569199e-06
9.884439735134366804e-10,9.083148246579978585e-05,5.606745627475867617e-08,6.020601415158260408e-04,9.326461777036225420e-02,-2.416884723250049255e-08,1.470505631042448385e-08,8.042898612923262468e-07,2.097863977087696311e-05,3.341582114607324775e-06
1.141282428260600556e-09,1.048763285010497978e-04,6.473690402117848565e-08,6.951538768815836242e-04,1.076856881037060315e-01,-2.790596270188367710e-08,1.697883018499883293e-08,9.286534295498032018e-07,2.422246842601180868e-05,3.858275281334797804e-06
7.090500152111037421e-10,6.515702027611882351e-05,4.021940726003640006e-08,4.318815875647530984e-04,6.690240460840261860e-02,-1.733727146610638411e-08,1.054851936981826529e-08,5.769489760318805525e-07,1.504880928736460463e-05,2.397049213391018564e-06
1.142993690776136845e-09,1.050335822406035043e-04,6.483397187614594355e-08,6.961962050052630368e-04,1.078471542552461443e-01,-2.794780548045380722e-08,1.700428859470862549e-08,9.300458717398882002e-07,2.425878809695808548e-05,3.864060459218970527e-06
9.971882154548640921e-10,9.163502063271913823e-05,5.656345545715465777e-08,6.073862497038212205e-04,9.408968060064083760e-02,-2.438265626296600429e-08,1.483514417942489950e-08,8.114049890351547974e-07,2.116422672033910974e-05,3.371143327240764822e-06
8.648498319505154944e-10,7.947399594853747054e-05,4.905683218924371713e-08,5.267790852760838348e-04,8.160289421252704678e-02,-2.114679640684924604e-08,1.286634935279981502e-08,7.037221835706969536e-07,1.835548960443604392e-05,2.923753705528265602e-06
8.558359437372113361e-10,7.864567906752580615e-05,4.854553787534487600e-08,5.212887358392616615e-04,8.075238891190754387e-02,-2.092639414527865224e-08,1.273224996294632674e-08,6.963876465660212850e-07,1.816417970844901318e-05,2.893280913499818056e-06
1.192564898496541929e-09,1.095888493124030889e-04,6.764579692220457711e-08,7.263899733269753604e-04,1.125244448901674688e-01,-2.915989132308020635e-08,1.774175821406727503e-08,9.703816124089528627e-07,2.531088263912745941e-05,4.031643312224992344e-06
1.116087312964368640e-09,1.025610635648704043e-04,6.330776280218982898e-08,6.798075597536246822e-04,1.053084033402299086e-01,-2.728990664922204561e-08,1.660400308391206201e-08,9.081523426598488977e-07,2.368772972361819318e-05,3.773099440411717316e-06
6.318737990066820042e-10,5.806503497721363766e-05,3.584174474861240597e-08,3.848736388142227514e-04,5.962044377082117291e-02,-1.545020428839168807e-08,9.400370728598297806e-09,5.141512354523257729e-07,1.341082870170030844e-05,2.136143516505550832e-06
8.224530067473308817e-10,7.557800731565589400e-05,4.665195927083361330e-08,5.009552254867216106e-04,7.760254234311669830e-02,-2.011013432084699379e-08,1.223561284299036166e-08,6.692241871484031909e-07,1.745566346638497885e-05,2.780424921488520504e-06
9.720161608722906755e-10,8.932187482404161175e-05,5.513562230983151991e-08,5.920539788312909144e-04,9.171457173049049616e-02,-2.376716407723099473e-08,1.446066015199935471e-08,7.909226664845933465e-07,2.062997745631293316e-05,3.286045446495879628e-06
1.022822552839168388e-09,9.399064718216179723e-05,5.801751064787848766e-08,6.230000965244969100e-04,9.650840815830463715e-02,-2.500945191426166837e-08,1.521650557654761755e-08,8.322634678276938013e-07,2.170828743006140364e-05,3.457804023869552630e-06
1.066367462812199808e-09,9.799213723387533879e-05,6.048750631917896851e-08,6.495232534895493872e-04,1.006170875506671725e-01,-2.607418628979769717e-08,1.586432211480797962e-08,8.676956526967130521e-07,2.263248040878168416e-05,3.605014079519802665e-06
1.101802786311655912e-09,1.012484097706687892e-04,6.249750233728983144e-08,6.711068702168677307e-04,1.039605870208483163e-01,-2.694062985487746201e-08,1.639149253761447415e-08,8.965291244825966978e-07,2.338455630461340305e-05,3.724808469899074670e-06
9.421992671620075988e-10,8.658189893182845990e-05,5.344432019342715484e-08,5.738925415340748529e-04,8.890119912718101591e-02,-2.303809903324068241e-08,1.401707496886232254e-08,7.666608712296035737e-07,1.999714657363665940e-05,3.185244995073961084e-06
1.181173418158531658e-09,1.085420473951395219e-04,6.699963857345575927e-08,7.194514351314324797e-04,1.114496019167344476e-01,-2.888135358556658759e-08,1.757228744554803447e-08,9.611124455300189389e-07,2.506911095669340464e-05,3.993132715796252606e-06
1.197811379142075119e-09,1.100709662836543907e-04,6.794339277191592892e-08,7.295855989411234111e-04,1.130194765006147378e-01,-2.928817516377119337e-08,1.781980997561516461e-08,9.746506365557334859e-07,2.542223343945283838e-05,4.049379821687872174e-06
1.194812203063865213e-09,1.097953617813663546e-04,6.777327066269043476e-08,7.277588040772124808e-04,1.127364892822638465e-01,-2.921484108475407649e-08,1.777519130799539722e-08,9.722102282204380232e-07,2.535857921499482152e-05,4.039240660126815988e-06
9.706011624359593635e-10,8.919184579953158879e-05,5.505535942687230330e-08,5.911921048337246418e-04,9.158105957214224269e-02,-2.373256537264245237e-08,1.443960925559755530e-08,7.897712922776765498e-07,2.059994566567270919e-05,3.281261833470009444e-06
1.195501562862808798e-09,1.098587094006227218e-04,6.781237318283374427e-08,7.281786923756176748e-04,1.128015338167822762e-01,-2.923169690270162578e-08,1.778544689650951152e-08,9.727711554069350649e-07,2.537321012102701547e-05,4.041571143630591904e-06
1.197276007608471579e-09,1.100217691704438722e-04,6.791302492016570749e-08,7.292595047264567067e-04,1.129689615267926162e-01,-2.927508457578136556e-08,1.781184526667910320e-08,9.742150085302307083e-07,2.541087076554515446e-05,4.047569918456836572e-06
1.110466706979683188e-09,1.020445669422743372e-04,6.298894546025808424e-08,6.763840548052196420e-04,1.047780711384600910e-01,-2.715247491708746503e-08,1.652038546903630744e-08,9.035788953740782413e-07,2.356843852309862728e-05,3.754098144501216735e-06
9.644107951786529252e-10,8.862299187350656604e-05,5.470422354580659695e-08,5.874215589182881425e-04,9.099696755318979757e-02,-2.358120217496609953e-08,1.434751531649715929e-08,7.847342342793054809e-07,2.046856190673404435e-05,3.260334374692210899e-06
8.856199096138603032e-10,8.138262910898411931e-05,5.023497222794879896e-08,5.394301168290806204e-04,8.356265460991922633e-02,-2.165465405736253355e-08,1.317534527952466238e-08,7.206226486759711765e-07,1.879631173395305440e-05,2.993970047474423074e-06
7.664721412096045741e-10,7.043373496156767435e-05,4.347655953664022630e-08,4.668573416096807481e-04,7.232046853141459175e-02,-1.874132331751290682e-08,1.140278690434612390e-08,6.236729533052538300e-07,1.626753096353462970e-05,2.591173265295827706e-06
9.825222557289341480e-10,9.028731565460607555e-05,5.573155898381370404e-08,5.984532296999932766e-04,9.270587416878768583e-02,-2.402405289278805303e-08,1.461695906282224957e-08,7.994714014674558293e-07,2.085295780249559315e-05,3.321562865396760783e-06
1.193865699786662891e-09,1.097083843722963890e-04,6.771958220635857979e-08,7.271822899678775541e-04,1.126471819783274320e-01,-2.919169774661377375e-08,1.776111020237664350e-08,9.714400652067187014e-07,2.533849072052628355e-05,4.036040864784572723e-06
