-5.269162468614752015e-01
6.401295725991148489e-01
-4.820058811312180058e-01
1.126076291464602752e+00
-1.098507666069900024e+00
-1.123403473914544204e+00
3.809840316221020928e-01
-1.144112183237802061e+00
-7.181007255520560108e-03
-9.436521691017741853e-01
1.511493742461532008e+00
1.083710752032059688e+00
-4.016004404313367471e-01
1.173076462932085562e+00
2.797469626605024115e-02
4.579776446121199829e-01
-1.281078620499406462e+00
1.166632138371931360e+00
-2.801787350199854698e-01
-1.488794302502476352e+00
-7.742025575034454654e-01
3.632361898328197447e-01
-2.782860452449595901e-01
1.029357831763326292e+00
1.216725175190803698e+00
-1.115424708981215707e+00
-9.617812429539943642e-01
-1.044599370153943774e+00
5.503628417990860111e-01
6.968341663206689685e-01
8.975386519665108365e-01
1.311179634400138516e+00
-1.503437908759382102e+00
1.294236756539771216e+00
3.596154655771496844e-01
1.273939962071054754e+00
-7.264866961933988954e-01
-9.359346668995167651e-01
9.524907382693221791e-01
-3.769631239948916801e-01
-9.167037994188468319e-01
1.227730938606153899e+00
9.691574885652599614e-01
6.612210024718498946e-01
-8.567465942517920041e-01
4.825586207656534787e-01
9.232221746450811617e-01
1.083483536614893605e+00
-1.133661864327131452e+00
-1.199516596718575023e+00
-1.082590130825461516e+00
6.496900602287436488e-01
-3.154020780032326110e-01
8.173570954638796904e-01
-3.014414529432394851e-01
9.269638029969349269e-01
-5.449096606813839117e-01
1.228469827766709876e+00
3.646501848444616001e-01
8.695513094848600355e-01
-4.525243744276433722e-01
-8.695561894968166783e-01
9.366941538100028719e-01
-1.086689514911064247e+00
2.028066374122637350e-01
-1.774651844037991921e+00
-1.385489330706267674e+00
-9.334204608020600924e-01
-3.810680179726368966e-01
-2.900122567950258468e-01
-6.025292767752129519e-01
-1.463763787349259049e+00
9.983353933950757375e-02
-2.861375988444916571e-02
-1.008248589279512775e+00
1.208719338965927870e+00
-5.400498229302975739e-01
-1.044829262633103051e+00
9.098033602056009306e-01
5.896931615426231899e-01
-6.983843881123905639e-01
-1.088097745215524492e+00
1.033187717996883886e-01
-4.729038017167494501e-01
-1.382152312922551918e+00
1.221791860001225860e+00
-8.408338601790475986e-01
1.031865418727823780e+00
6.751566776565685046e-01
6.036962789995065082e-01
-1.065239848152376378e+00
-1.117277030117282299e+00
-1.139084654276576902e+00
-4.435388638202480416e-01
-7.257040334595422637e-01
-5.352504246658105203e-01
-3.803225966420045734e-01
-2.245119783560444449e-01
-5.483318427510863735e-01
-9.776845403987264316e-01
-1.201517865800988627e+00
6.007584318517015243e-01
1.077963399381463683e+00
3.537246687698009651e-01
-1.049013862240236961e+00
-1.163039316020767489e+00
4.713237589661390947e-01
-1.427994665697984278e+00
1.333514184942564240e+00
-1.454066144044199982e+00
6.366051523623758035e-01
-1.163552059965447666e-01
-1.448522297483735954e+00
-1.117640376415015790e+00
1.257232146590132327e-01
9.814281253256270654e-01
4.191806982834654915e-01
1.272922867130294788e+00
-7.799847391861326473e-01
1.057619584640328236e+00
7.312333825684841360e-01
1.157710463202063833e+00
1.265104010386105093e+00
-1.124278976131639629e+00
-1.177351721569992904e+00
3.790296476411662840e-02
1.545647500587409295e+00
8.713685622022445676e-01
2.648858943986434622e-01
-4.100994289401977411e-01
5.827531134818584313e-01
-7.308128603221899500e-01
1.137268696730382167e-01
1.534248903427424038e+00
-1.043494521777624806e+00
-6.649131725462937847e-01
9.926533471899982031e-01
-9.649434957204726659e-01
-1.219977598270277408e+00
1.237864162279437297e+00
8.514219423789270991e-02
1.847198726462752627e-01
-1.600675480642144377e+00
6.793664078928511874e-01
5.682301249943555455e-01
-9.358397482275354617e-01
6.407713887143757781e-01
-1.608842076721503034e+00
1.563604140609574200e+00
1.218999167874552647e+00
-1.862873996027851198e-01
8.934865956764826977e-01
-1.074274115089152604e+00
4.950603567040307018e-01
-5.224847721871914707e-01
8.726806414678910384e-01
-1.300080458500552094e+00
-1.124311791597504495e+00
-1.534410538447956274e+00
6.976666100803042836e-01
3.249197217828833084e-01
5.236951861025564980e-01
-1.035353575419093675e+00
-6.036343621539889126e-01
-5.759878566324186933e-01
-5.259650231022866551e-01
-6.907872621603873275e-01
-1.061279362532251413e+00
1.366936296897692360e+00
-8.605219270055892711e-01
-1.501281246104430478e+00
7.232510178249113020e-01
1.045630644053784142e+00
5.233397896321140275e-01
-1.475046824514499866e+00
1.041425233615621337e+00
1.471796897791814329e+00
-1.035721802469169450e+00
1.089170324434346693e+00
-8.352198468837179757e-01
4.888056483575758948e-01
-7.546634624470968111e-01
-3.415618608986953353e-01
1.060838342669997436e+00
-1.710514742993884951e+00
-1.256986179038666052e+00
1.056586547618815652e+00
-6.708675831010890711e-01
-7.458065900377138790e-01
1.196415424115998105e+00
-1.677495159386785062e+00
-8.938093189975195862e-01
1.426550037785461744e-01
9.762508817778584591e-01
1.408612716556201683e+00
1.108063129427212301e+00
3.356576437364976462e-01
-3.369705291786239676e-01
2.388131735833488589e-01
-9.451814622276148992e-01
-1.129027453735254483e+00
